"EnsemblGeneID"	"Chr"	"GeneStart"	"GeneEnd"	"Status"	"ExternalID"	"R1L1Kidney"	"R1L2Liver"	"R1L3Kidney"	"R1L4Liver"	"R1L6Liver"	"R1L7Kidney"	"R1L8Liver"	"R2L1Liver"	"R2L2Kidney"	"R2L3Liver"	"R2L4Kidney"	"R2L6Kidney"	"R2L7Liver"	"R2L8Kidney"
"ENSG00000146556"	1	4274	19669	"KNOWN"	"Q7Z3N4_HUMAN"	0	0	0	0	0	0	0	0	0	0	0	0	0	1
"ENSG00000197194"	1	24417	25944	"KNOWN"	"Q6VEP3_HUMAN"	0	0	0	0	0	0	0	0	0	0	0	0	0	0
"ENSG00000197490"	1	42912	44799	"NOVEL"	""	0	0	0	0	0	0	0	0	0	0	0	0	0	0
"ENSG00000205292"	1	52878	53750	"KNOWN"	"Q5VT23_HUMAN"	0	0	0	0	0	0	0	0	0	0	0	0	0	0
"ENSG00000177693"	1	58954	59871	"KNOWN"	"OR4F5"	0	0	0	0	0	0	0	0	0	0	0	0	0	0
"ENSG00000209338"	1	147647	147749	"NOVEL"	""	0	0	0	0	0	0	0	0	0	0	0	0	0	0
"ENSG00000196573"	1	218155	218517	"NOVEL"	""	0	0	0	0	0	0	0	0	0	0	0	0	0	0
"ENSG00000177799"	1	357522	358460	"KNOWN"	"OR4F29"	0	0	0	0	0	0	0	0	0	0	0	0	0	0
"ENSG00000209341"	1	554742	554813	"NOVEL"	""	0	0	0	0	0	0	0	0	0	0	0	0	0	0
"ENSG00000209342"	1	554815	554882	"NOVEL"	""	0	0	0	0	0	2	1	0	4	0	2	3	0	0
"ENSG00000209343"	1	555925	555992	"NOVEL"	""	0	0	0	0	0	0	0	0	0	0	0	0	0	0
"ENSG00000209344"	1	556000	556068	"NOVEL"	""	0	0	0	0	0	0	0	0	0	0	0	0	0	0
"ENSG00000209346"	1	556070	556142	"NOVEL"	""	0	0	0	0	0	0	0	0	0	0	0	0	0	0
"ENSG00000209349"	1	556239	556304	"NOVEL"	""	0	0	0	0	0	0	0	0	0	0	0	0	0	0
"ENSG00000209350"	1	557859	557930	"NOVEL"	""	4	35	7	32	31	3	29	12	6	34	4	7	25	4
"ENSG00000209351"	1	557932	557999	"NOVEL"	""	0	0	0	0	0	0	0	0	0	0	0	0	0	0
"ENSG00000209352"	1	558707	558776	"NOVEL"	""	0	2	0	0	0	1	0	0	1	0	0	0	0	0
"ENSG00000212679"	1	558845	559168	"KNOWN"	"Q9H2H5_HUMAN"	110	177	131	135	141	149	148	50	112	145	39	118	64	48
"ENSG00000212678"	1	559649	560212	"KNOWN"	"Q8NI70_HUMAN"	12685	9246	13204	9312	8746	12403	8496	7410	13031	9070	11002	13268	7922	10655
"ENSG00000185097"	1	610959	611897	"KNOWN"	"OR4F29"	0	0	0	0	0	0	0	0	0	0	0	0	0	0
"ENSG00000209353"	1	683476	683578	"NOVEL"	""	0	0	0	0	0	0	0	0	0	0	0	0	0	0
"ENSG00000197049"	1	711269	711775	"NOVEL"	""	0	1	0	0	0	0	0	1	1	0	0	0	0	0
"ENSG00000215918"	1	728395	729000	"NOVEL"	""	0	0	0	0	0	0	0	0	0	0	0	0	0	0
"ENSG00000177757"	1	742614	745077	"KNOWN"	"FA87B_HUMAN"	2	1	0	0	1	2	0	0	1	1	1	3	0	1
"ENSG00000177750"	1	751449	752765	"KNOWN"	"A2ACH2_HUMAN"	1	1	4	2	5	3	1	3	3	1	4	7	4	3
"ENSG00000177741"	1	781761	782491	"KNOWN"	"Q96BN7_HUMAN"	1	4	1	5	3	0	4	2	6	2	1	0	1	0
"ENSG00000209354"	1	798710	798820	"NOVEL"	""	0	0	0	0	0	0	0	0	0	0	0	0	0	0
"ENSG00000198907"	1	845736	846179	"KNOWN"	"Q8N8E4_HUMAN"	6	0	0	1	1	6	0	0	2	0	5	0	1	2
"ENSG00000187634"	1	850393	869824	"KNOWN"	"SAMD11"	49	27	43	34	23	41	35	31	42	25	50	47	31	46
"ENSG00000188976"	1	869459	884494	"KNOWN"	"NOC2L"	73	34	77	56	45	68	55	46	70	42	63	82	42	67
"ENSG00000187961"	1	885830	890958	"KNOWN"	"KLHL17"	15	8	15	13	11	13	12	15	12	20	23	15	16	15
"ENSG00000187583"	1	891740	900339	"KNOWN"	"PLEKHN1"	1	0	1	1	0	3	0	1	0	2	4	3	2	3
"ENSG00000187642"	1	900447	907336	"KNOWN"	"C1orf170"	4	0	5	0	2	12	1	1	9	4	13	9	0	11
"ENSG00000188290"	1	924208	925333	"KNOWN"	"HES4"	9	2	10	3	1	12	2	2	10	1	10	13	6	14
"ENSG00000187608"	1	938742	939782	"KNOWN"	"ISG15"	12	15	11	17	5	7	10	14	16	16	6	13	19	7
"ENSG00000188157"	1	945366	981355	"KNOWN"	"AGRN"	410	50	414	53	44	350	42	74	462	70	527	472	71	496
"ENSG00000131591"	1	1007061	1041341	"KNOWN"	"C1orf159"	10	5	9	9	3	7	6	12	12	11	14	16	10	8
"ENSG00000215916"	1	1007068	1041338	"KNOWN"	"Q6ZVV0_HUMAN"	10	5	9	9	3	8	6	12	13	11	14	17	9	8
"ENSG00000207730"	1	1092347	1092441	"KNOWN"	"hsa-mir-200b"	0	0	0	0	0	0	0	0	0	0	0	0	0	0
"ENSG00000207607"	1	1093106	1093195	"KNOWN"	"hsa-mir-200a"	0	0	0	0	0	0	0	0	0	0	0	0	0	0
"ENSG00000198976"	1	1094248	1094330	"KNOWN"	"hsa-mir-429"	0	0	0	0	0	0	0	0	1	0	1	1	0	0
"ENSG00000205231"	1	1098299	1104798	"KNOWN"	"Q6ZQQ1_HUMAN"	1	0	1	0	0	0	0	0	1	0	0	1	0	1
"ENSG00000162571"	1	1099146	1123178	"KNOWN"	"TTLL10"	1	0	1	0	0	1	0	0	0	0	0	1	0	1
"ENSG00000186891"	1	1128752	1131952	"KNOWN"	"TNFRSF18"	0	3	0	0	0	0	0	0	0	0	0	0	0	0
"ENSG00000186827"	1	1136583	1139411	"KNOWN"	"TNFRSF4"	2	0	1	0	1	1	0	1	0	0	1	1	0	1
"ENSG00000078808"	1	1142177	1157274	"KNOWN"	"SDF4"	234	192	212	162	154	180	155	214	268	220	256	242	222	252
"ENSG00000176022"	1	1157492	1160284	"KNOWN"	"B3GALT6"	25	38	21	32	28	28	22	45	39	45	35	30	27	25
"ENSG00000184163"	1	1167696	1171965	"KNOWN"	"FAM132A"	2	2	4	3	3	4	2	4	3	4	4	3	2	3
"ENSG00000160087"	1	1179157	1199097	"KNOWN"	"UBE2J2"	66	58	66	56	64	58	53	62	59	59	64	66	62	56
"ENSG00000162572"	1	1204310	1217267	"KNOWN"	"SCNN1D"	11	4	6	7	7	6	3	9	12	7	12	12	8	6
"ENSG00000131584"	1	1217633	1233132	"KNOWN"	"CENTB5"	78	51	71	38	25	72	48	66	75	54	78	83	58	101
"ENSG00000169972"	1	1233840	1236919	"KNOWN"	"PUSL1"	18	27	23	36	20	23	28	27	28	32	18	13	25	21
"ENSG00000127054"	1	1236828	1249909	"KNOWN"	"CPSF3L"	98	68	108	76	48	77	60	63	108	78	105	105	68	88
"ENSG00000187488"	1	1250006	1254139	"KNOWN"	"Q7L5A4_HUMAN"	7	0	2	2	3	1	0	1	3	1	3	4	2	3
"ENSG00000215792"	1	1250006	1254139	"KNOWN"	"NP_001025056.1"	7	0	2	2	3	1	0	1	3	1	3	4	2	3
"ENSG00000169962"	1	1256589	1260550	"KNOWN"	"TAS1R3"	1	0	0	0	0	0	0	0	0	0	0	1	0	0
"ENSG00000107404"	1	1260521	1274623	"KNOWN"	"DVL1"	7	6	11	3	2	10	2	3	13	3	9	10	4	7
"ENSG00000162576"	1	1277935	1286506	"KNOWN"	"MXRA8"	15	3	7	4	1	8	0	0	16	3	21	10	4	20
"ENSG00000175756"	1	1298973	1300443	"KNOWN"	"AURKAIP1"	0	0	0	0	0	0	0	0	0	0	0	0	0	0
"ENSG00000116148"	1	1310955	1324560	"KNOWN"	"CCNL2"	5	2	5	1	1	4	3	3	6	2	12	5	3	3
"ENSG00000131586"	1	1327156	1332524	"KNOWN"	"RM20_HUMAN"	2	0	3	0	0	2	0	1	0	0	4	2	0	4
"ENSG00000205116"	1	1351371	1353030	"NOVEL"	""	3	0	0	0	0	3	0	0	1	0	3	0	0	2
"ENSG00000179403"	1	1360772	1366008	"KNOWN"	"VWA1"	9	9	8	10	5	13	9	15	11	13	11	12	20	13
"ENSG00000215915"	1	1374932	1394342	"KNOWN"	"ATAD3C"	0	1	0	0	2	0	1	1	0	0	0	0	0	0
"ENSG00000160072"	1	1397027	1421444	"KNOWN"	"ATAD3B"	4	2	2	5	4	2	2	5	3	4	3	5	5	5
"ENSG00000197785"	1	1437394	1459928	"KNOWN"	"ATAD3A"	14	30	21	24	17	18	17	18	16	29	25	27	24	23
"ENSG00000205090"	1	1460429	1465581	"KNOWN"	"C1orf70"	1	0	0	0	0	0	0	0	4	0	0	1	0	0
"ENSG00000160075"	1	1466917	1500125	"KNOWN"	"SSU72"	112	96	114	94	78	117	72	87	128	102	110	120	80	102
"ENSG00000215791"	1	1488736	1489138	"NOVEL"	""	6	4	3	3	1	2	2	4	3	4	4	2	2	4
"ENSG00000197118"	1	1497046	1505289	"NOVEL"	""	0	0	0	0	0	0	0	0	0	0	0	0	0	0
"ENSG00000197530"	1	1540736	1555853	"KNOWN"	"MIB2"	44	30	43	30	29	34	25	45	61	32	72	48	40	60
"ENSG00000189409"	1	1557421	1559893	"KNOWN"	"MMP23B"	0	0	0	0	0	0	0	1	0	0	1	1	1	0
"ENSG00000215914"	1	1557423	1623109	"KNOWN"	"A2AGN1_HUMAN"	0	0	0	0	0	0	0	0	0	0	0	0	0	0
"ENSG00000189229"	1	1560963	1578798	"KNOWN"	"P21127-10"	16	13	24	22	9	19	10	15	23	14	24	19	9	17
"ENSG00000189339"	1	1582802	1614027	"KNOWN"	"Q2TAY8_HUMAN"	49	23	58	16	25	35	15	21	68	21	53	43	19	48
"ENSG00000008128"	1	1624029	1645637	"KNOWN"	"CDC2L2"	50	56	60	78	53	46	58	48	54	64	46	64	52	58
"ENSG00000215790"	1	1646137	1667291	"KNOWN"	"SLC35E2"	2	0	2	0	0	4	1	0	5	3	4	1	4	5
"ENSG00000008130"	1	1672531	1701368	"KNOWN"	"NADK"	79	173	82	153	161	91	145	169	93	204	63	80	148	84
"ENSG00000078369"	1	1706590	1812355	"KNOWN"	"GNB1"	848	316	838	320	360	836	314	282	852	351	756	884	300	744
"ENSG00000169885"	1	1836126	1838593	"KNOWN"	"CALML6"	0	5	0	1	4	1	4	4	0	8	1	0	2	0
"ENSG00000178821"	1	1838889	1840572	"KNOWN"	"TMEM52"	1	7	2	4	8	2	3	7	2	6	3	5	6	3
"ENSG00000205073"	1	1843260	1849228	"KNOWN"	"NP_001003808.1"	0	6	0	13	3	0	7	11	0	2	0	0	5	0
"ENSG00000185011"	1	1863709	1864239	"KNOWN"	"Q8N1X1_HUMAN"	0	0	0	0	0	0	0	0	0	0	0	0	0	0
"ENSG00000142609"	1	1874612	1925136	"KNOWN"	"KIAA1751"	0	0	0	0	0	0	0	0	0	0	0	0	0	0
"ENSG00000187730"	1	1940703	1952050	"KNOWN"	"GABRD"	1	0	0	0	0	0	0	0	0	0	0	0	0	0
"ENSG00000067606"	1	1971769	2106692	"KNOWN"	"PRKCZ"	72	23	68	39	25	66	19	32	74	27	57	85	43	69
"ENSG00000205069"	1	2063064	2063829	"KNOWN"	"Q4G173_HUMAN"	0	0	1	1	0	0	1	0	0	0	1	1	0	0
"ENSG00000182873"	1	2103093	2105174	"KNOWN"	"Q9NW32_HUMAN"	3	2	3	1	5	3	1	2	5	3	4	10	1	4
"ENSG00000162585"	1	2105777	2122397	"KNOWN"	"C1orf86"	49	25	47	31	28	48	18	33	57	31	43	61	43	53
"ENSG00000186423"	1	2111097	2113039	"KNOWN"	"Q8N9S5_HUMAN"	4	2	7	5	2	2	5	3	5	5	5	5	3	7
"ENSG00000215985"	1	2129205	2129272	"NOVEL"	""	0	0	0	0	0	0	0	0	0	0	0	0	0	0
"ENSG00000183472"	1	2134226	2134879	"KNOWN"	"Q9H7Y2_HUMAN"	0	1	0	1	2	0	0	2	0	1	0	1	1	0
"ENSG00000157933"	1	2149994	2229316	"KNOWN"	"SKI"	63	35	59	30	29	65	27	30	72	41	61	66	41	61
"ENSG00000116151"	1	2242556	2346079	"KNOWN"	"MORN1"	13	2	10	1	0	5	6	1	10	3	10	12	1	11
"ENSG00000178642"	1	2306671	2309782	"NOVEL"	""	11	2	7	3	2	7	4	1	4	2	9	12	2	5
"ENSG00000157916"	1	2313074	2326734	"KNOWN"	"RER1"	340	339	315	330	346	339	331	309	401	382	310	367	352	297
"ENSG00000157911"	1	2326103	2333870	"KNOWN"	"PEX10"	100	108	99	102	121	108	125	94	148	128	92	148	119	106
"ENSG00000149527"	1	2397614	2426829	"KNOWN"	"PLCH2"	15	8	8	6	5	15	7	5	12	8	16	19	5	23
"ENSG00000157881"	1	2429835	2447895	"KNOWN"	"PANK4"	43	20	46	20	18	50	21	19	44	20	44	44	29	42
"ENSG00000197921"	1	2450044	2451544	"KNOWN"	"HES5"	0	0	0	0	2	2	0	0	0	1	0	0	3	0
"ENSG00000205049"	1	2478310	2478741	"KNOWN"	"Q6ZP28_HUMAN"	0	1	0	1	1	1	0	0	0	0	1	1	1	0
"ENSG00000157873"	1	2479153	2486613	"KNOWN"	"TNFRSF14"	88	54	105	68	64	83	61	52	105	64	127	131	64	97
"ENSG00000157870"	1	2508097	2512766	"KNOWN"	"C1orf93"	56	25	50	14	13	66	21	14	82	17	71	58	9	56
"ENSG00000142606"	1	2511941	2554289	"KNOWN"	"MMEL1"	11	5	5	4	1	6	4	2	14	1	6	9	2	10
"ENSG00000215913"	1	2562667	2566862	"NOVEL"	""	0	0	0	0	0	0	0	0	0	0	0	0	0	1
"ENSG00000215912"	1	2690014	2694127	"NOVEL"	""	0	0	0	0	0	0	0	0	0	0	0	0	0	0
"ENSG00000177133"	1	2775209	2970210	"KNOWN"	"Q6ZV91_HUMAN"	142	2	160	1	3	140	3	3	176	0	166	180	0	185
"ENSG00000169717"	1	2927906	2929325	"KNOWN"	"ACTRT2"	0	0	0	0	0	0	0	0	0	0	0	0	0	0
"ENSG00000177121"	1	2970496	2974193	"KNOWN"	"Q8N6L5_HUMAN"	85	0	84	1	0	60	1	2	89	0	93	98	0	75
"ENSG00000142611"	1	2975604	3345045	"KNOWN"	"PRDM16"	47	2	37	2	3	44	1	2	45	4	51	54	0	48
"ENSG00000130762"	1	3361100	3387537	"KNOWN"	"ARHGEF16"	58	3	60	1	8	51	2	6	61	1	55	56	3	59
"ENSG00000162591"	1	3394373	3517919	"KNOWN"	"MEGF6"	29	20	20	38	23	16	26	20	27	26	26	21	31	26
"ENSG00000207776"	1	3467119	3467214	"KNOWN"	"hsa-mir-551a"	0	0	0	0	0	0	0	0	0	0	0	0	0	0
"ENSG00000158109"	1	3531416	3536549	"KNOWN"	"FAM79A"	188	204	200	232	230	184	209	200	200	260	168	228	219	184
"ENSG00000116213"	1	3537191	3556517	"KNOWN"	"WDR8"	18	10	28	13	21	15	22	20	23	18	19	28	8	16
"ENSG00000078900"	1	3558989	3639716	"KNOWN"	"TP73"	0	0	0	0	0	0	0	0	0	1	1	0	0	0
"ENSG00000187648"	1	3652025	3652627	"KNOWN"	"NP_997189.1"	7	3	4	2	5	4	1	1	10	3	5	4	2	5
"ENSG00000162592"	1	3658822	3678069	"KNOWN"	"CCDC27"	0	1	0	0	0	0	0	0	0	0	0	0	0	0
"ENSG00000130764"	1	3686644	3702928	"KNOWN"	"LRRC47"	108	90	86	98	90	114	76	91	106	119	108	106	97	88
"ENSG00000116198"	1	3721204	3763657	"KNOWN"	"KIAA0562"	84	50	87	39	46	88	46	33	80	42	95	106	43	73
"ENSG00000169598"	1	3763705	3791853	"KNOWN"	"DFFB"	6	12	17	10	8	12	13	7	13	8	9	10	6	10
"ENSG00000198912"	1	3795563	3806709	"KNOWN"	"C1orf174"	55	32	40	31	25	39	26	16	51	32	56	57	19	31
"ENSG00000196581"	1	4614965	4743711	"KNOWN"	"AJAP1"	8	1	11	2	2	18	2	2	12	3	12	12	0	8
"ENSG00000216045"	1	5798518	5798606	"NOVEL"	""	0	0	0	0	0	0	0	0	0	0	0	0	0	0
"ENSG00000131697"	1	5845457	5975118	"KNOWN"	"NPHP4"	22	10	17	12	9	24	4	10	25	5	18	23	13	19
"ENSG00000069424"	1	5974113	6083840	"KNOWN"	"KCNAB2"	93	17	67	25	23	72	17	33	84	23	82	81	22	71
"ENSG00000116254"	1	6084440	6162770	"KNOWN"	"CHD5"	4	0	4	2	0	6	2	1	4	0	1	5	0	6
"ENSG00000116251"	1	6167668	6182266	"KNOWN"	"RPL22"	315	140	308	158	164	330	144	115	358	174	272	364	132	251
"ENSG00000158286"	1	6188138	6203946	"KNOWN"	"RNF207"	55	24	61	30	25	61	23	35	66	38	73	65	31	53
"ENSG00000116237"	1	6203840	6218631	"KNOWN"	"ICMT"	176	60	164	68	53	148	51	32	173	52	146	184	42	163
"ENSG00000181563"	1	6220455	6222064	"KNOWN"	"C1orf211"	0	2	1	0	2	1	0	1	1	0	0	2	1	0
"ENSG00000173673"	1	6226232	6228682	"KNOWN"	"HES3"	0	0	0	0	0	0	0	0	0	0	0	0	0	0
"ENSG00000158292"	1	6229993	6243622	"KNOWN"	"GPR153"	4	19	8	19	15	4	20	17	8	16	6	7	24	7
"ENSG00000097021"	1	6246920	6376413	"KNOWN"	"ACOT7"	86	17	78	18	28	81	13	25	88	15	73	90	28	94
"ENSG00000204902"	1	6249419	6249879	"KNOWN"	"Q6UXW7_HUMAN"	0	0	0	0	0	0	0	0	0	0	0	0	0	0
"ENSG00000069812"	1	6395065	6407317	"KNOWN"	"HES2"	0	0	2	0	0	0	0	0	0	0	0	0	0	0
"ENSG00000187017"	1	6407435	6443591	"KNOWN"	"ESPN"	102	138	84	137	112	83	131	178	108	146	108	107	173	102
"ENSG00000215788"	1	6443798	6448855	"KNOWN"	"TNFRSF25"	16	5	7	5	9	13	9	5	7	7	16	20	6	12
"ENSG00000171680"	1	6448739	6502708	"KNOWN"	"PLEKHG5"	22	5	18	8	6	22	3	4	27	10	27	21	8	30
"ENSG00000162408"	1	6507809	6537182	"KNOWN"	"NOL9"	40	17	33	20	22	43	19	25	38	26	31	39	21	37
"ENSG00000209367"	1	6523501	6523581	"NOVEL"	""	0	0	0	0	0	0	0	1	0	0	0	0	0	0
"ENSG00000173662"	1	6538021	6562403	"KNOWN"	"TAS1R1"	0	1	0	0	0	0	0	0	0	0	0	0	0	0
"ENSG00000204859"	1	6562698	6571926	"KNOWN"	"ZBTB48"	26	32	42	38	42	30	29	40	35	36	24	35	38	37
"ENSG00000162413"	1	6573366	6585648	"KNOWN"	"KLHL21"	146	70	145	74	67	146	60	66	148	80	148	161	75	147
"ENSG00000116273"	1	6596332	6606643	"KNOWN"	"PHF13"	50	22	40	16	21	37	30	15	52	19	36	41	25	41
"ENSG00000041988"	1	6607513	6618219	"KNOWN"	"THAP3"	21	12	21	13	14	14	21	8	27	13	20	32	14	10
"ENSG00000007923"	1	6616818	6684466	"KNOWN"	"DNAJC11"	246	100	203	100	88	234	94	107	278	125	234	278	95	242
"ENSG00000171735"	1	6767971	7752351	"KNOWN"	"CAMTA1"	85	19	92	19	16	108	15	20	82	12	63	88	12	60
"ENSG00000175861"	1	7032589	7034351	"KNOWN"	"Q8N7E4_HUMAN"	0	0	0	0	0	0	0	0	0	0	0	0	0	0
"ENSG00000207056"	1	7202007	7202171	"NOVEL"	""	0	0	0	0	0	0	2	0	0	0	0	0	2	0
"ENSG00000204819"	1	7370049	7370483	"KNOWN"	"Q6ZRP9_HUMAN"	0	0	0	0	0	0	0	0	0	0	0	0	0	0
"ENSG00000049245"	1	7753916	7770120	"KNOWN"	"VAMP3"	146	56	135	56	64	143	50	41	155	56	107	154	40	120
"ENSG00000049246"	1	7766967	7827824	"KNOWN"	"PER3"	94	100	126	111	93	85	86	69	131	99	101	119	73	85
"ENSG00000049247"	1	7825730	7836159	"KNOWN"	"UTS2"	0	0	1	0	0	0	0	0	0	0	0	0	0	0
"ENSG00000212677"	1	7901641	7902027	"KNOWN"	"Q6ZUN9_HUMAN"	0	0	0	0	0	0	0	0	0	0	0	0	0	0
"ENSG00000049249"	1	7902495	7923474	"KNOWN"	"TNFRSF9"	0	0	0	0	0	0	0	0	1	0	1	1	0	0
"ENSG00000209371"	1	7912926	7912995	"NOVEL"	""	0	0	0	0	0	0	0	0	0	0	0	0	0	0
"ENSG00000116288"	1	7944310	7967926	"KNOWN"	"PARK7"	364	214	395	229	198	394	171	160	481	208	380	474	195	344
"ENSG00000200344"	1	7965530	7965630	"NOVEL"	""	0	0	0	0	0	0	0	0	1	0	0	0	0	1
"ENSG00000116285"	1	7994370	8008955	"KNOWN"	"ERRFI1"	115	1669	144	1753	1710	115	1675	1313	143	1794	91	153	1298	88
"ENSG00000200975"	1	8189081	8189244	"NOVEL"	""	0	1	0	2	1	0	1	0	0	0	0	0	0	0
"ENSG00000209383"	1	8274810	8274910	"NOVEL"	""	0	0	0	0	0	0	1	0	0	0	0	0	0	0
"ENSG00000162426"	1	8300756	8326804	"KNOWN"	"SLC45A1"	26	0	31	0	1	30	0	0	29	0	30	32	0	34
"ENSG00000206757"	1	8310714	8310824	"NOVEL"	""	0	0	2	0	0	0	0	0	0	0	0	0	0	1
"ENSG00000142599"	1	8335053	8800286	"KNOWN"	"RERE"	464	192	463	191	163	458	155	152	523	176	455	446	174	415
"ENSG00000209385"	1	8779220	8779313	"NOVEL"	""	0	0	0	0	0	0	0	0	0	0	0	0	0	0
"ENSG00000074800"	1	8843650	8861367	"KNOWN"	"ENO1"	1499	337	1528	311	336	1318	301	312	1546	343	1401	1551	342	1411
"ENSG00000201725"	1	8866073	8866177	"NOVEL"	""	0	0	0	1	0	0	1	0	0	0	0	0	0	0
"ENSG00000183445"	1	8876155	8876427	"NOVEL"	""	0	0	0	0	0	0	1	0	1	1	0	0	0	1
"ENSG00000131686"	1	8928509	8957733	"KNOWN"	"CA6"	0	2	0	0	0	0	0	0	0	1	0	0	0	0
"ENSG00000212621"	1	8962224	8962520	"NOVEL"	""	0	0	1	2	0	0	0	0	0	0	0	0	0	1
"ENSG00000197241"	1	8985946	9008991	"KNOWN"	"SLC2A7"	0	0	0	0	0	0	0	0	0	0	0	0	0	0
"ENSG00000142583"	1	9019594	9052257	"KNOWN"	"SLC2A5"	13	0	16	0	1	14	0	0	24	1	17	20	1	17
"ENSG00000212602"	1	9065342	9065525	"NOVEL"	""	0	0	0	0	0	0	0	0	0	0	0	0	0	0
"ENSG00000180758"	1	9087063	9111837	"KNOWN"	"GPR157"	4	2	5	0	2	5	1	2	7	2	5	7	2	3
"ENSG00000207865"	1	9134314	9134423	"KNOWN"	"hsa-mir-34a"	0	0	0	0	0	0	0	0	0	0	0	0	0	0
"ENSG00000204772"	1	9159046	9164932	"KNOWN"	"Q6ZWG2_HUMAN"	0	0	0	0	0	0	0	0	0	0	0	0	0	0
"ENSG00000049239"	1	9217450	9253983	"KNOWN"	"H6PD"	183	838	232	822	814	179	773	793	207	895	164	199	807	175
"ENSG00000171621"	1	9275571	9352175	"KNOWN"	"SPSB1"	13	27	16	30	37	7	24	36	14	35	13	13	50	20
"ENSG00000209395"	1	9420354	9420424	"NOVEL"	""	0	0	0	0	0	0	0	0	0	0	0	0	0	0
"ENSG00000171612"	1	9522115	9565415	"KNOWN"	"SLC25A33"	20	20	22	21	23	19	24	16	25	15	26	31	15	17
"ENSG00000188807"	1	9571564	9595728	"KNOWN"	"NP_001010866.1"	1	0	5	0	1	9	0	2	3	0	5	5	0	6
"ENSG00000171608"	1	9634390	9943653	"KNOWN"	"PIK3CD"	16	14	30	18	14	20	14	16	22	19	21	26	30	20
"ENSG00000179840"	1	9635266	9637231	"KNOWN"	"C1orf200"	0	0	1	1	1	0	1	0	0	1	0	3	0	0
"ENSG00000171603"	1	9711667	9807137	"KNOWN"	"CLSTN1"	533	68	576	44	51	556	62	62	635	81	580	581	48	549
"ENSG00000204749"	1	9810496	9810879	"KNOWN"	"Q6ZNG5_HUMAN"	0	0	0	0	0	0	0	0	0	0	1	0	0	0
"ENSG00000178585"	1	9830921	9892908	"KNOWN"	"CTNNBIP1"	90	38	75	36	32	82	32	27	84	31	76	72	31	82
"ENSG00000162441"	1	9911584	9926052	"KNOWN"	"LZIC"	32	24	57	28	25	53	14	18	73	23	47	68	16	39
"ENSG00000173614"	1	9926073	9968143	"KNOWN"	"NMNAT1"	60	21	38	26	22	52	24	22	50	22	45	44	18	38
"ENSG00000202415"	1	9929963	9930281	"NOVEL"	""	1	0	0	1	0	0	1	0	0	1	0	0	0	0
"ENSG00000162444"	1	9979842	9998665	"KNOWN"	"RBP7"	26	6	32	4	7	24	4	3	26	4	16	22	7	20
"ENSG00000130939"	1	10015630	10163876	"KNOWN"	"UBE4B"	167	85	161	74	77	127	74	84	158	108	125	175	80	143
"ENSG00000201746"	1	10145917	10146019	"NOVEL"	""	0	0	0	0	0	0	0	0	0	0	0	0	0	0
"ENSG00000054523"	1	10193418	10364248	"KNOWN"	"KIF1B"	207	129	248	119	119	223	108	89	219	116	193	230	99	169
"ENSG00000199562"	1	10281611	10281717	"NOVEL"	""	0	0	0	0	2	0	1	0	0	0	0	0	0	0
"ENSG00000142657"	1	10381668	10402788	"KNOWN"	"PGD"	166	82	159	63	79	138	78	60	138	89	136	177	86	136
"ENSG00000175279"	1	10412746	10434797	"KNOWN"	"APITD1"	30	8	22	10	6	22	8	9	20	11	16	32	6	22
"ENSG00000160049"	1	10443192	10455200	"KNOWN"	"DFFA"	87	50	74	44	42	90	42	51	105	44	59	92	52	76
"ENSG00000142655"	1	10457590	10613400	"KNOWN"	"PEX14"	36	38	36	34	22	25	39	47	44	37	42	40	47	50
"ENSG00000209421"	1	10599480	10599759	"NOVEL"	""	0	0	0	0	0	0	0	0	1	0	0	0	0	0
"ENSG00000130940"	1	10619267	10779294	"KNOWN"	"CASZ1"	36	7	44	4	2	43	4	3	56	9	54	45	3	50
"ENSG00000175262"	1	10929120	10946877	"KNOWN"	"C1orf127"	0	0	0	0	0	0	0	0	0	0	0	0	1	0
"ENSG00000215785"	1	10973429	10974441	"NOVEL"	""	1	4	0	1	0	0	1	1	0	0	0	0	1	0
"ENSG00000207213"	1	10982508	10982589	"NOVEL"	""	0	0	0	0	0	0	0	0	0	0	0	0	0	0
"ENSG00000120948"	1	10995266	11008133	"KNOWN"	"TARDBP"	152	138	181	131	122	176	108	101	179	120	159	178	95	133
"ENSG00000009724"	1	11008649	11029876	"KNOWN"	"MASP2"	10	162	12	145	132	10	139	132	9	174	6	9	160	6
"ENSG00000116649"	1	11037236	11042678	"KNOWN"	"SRM"	37	37	32	42	43	44	40	49	54	47	42	47	50	53
"ENSG00000171824"	1	11049268	11082530	"KNOWN"	"EXOSC10"	104	44	108	51	49	111	60	56	86	56	94	118	50	70
"ENSG00000198793"	1	11089179	11245176	"KNOWN"	"FRAP1"	204	113	198	133	119	174	119	110	226	124	186	224	102	164
"ENSG00000209426"	1	11134994	11135057	"NOVEL"	""	0	0	0	0	0	1	0	0	0	0	0	0	0	0
"ENSG00000171819"	1	11171985	11178624	"KNOWN"	"ANGPTL7"	0	2	2	1	1	1	1	3	0	2	2	0	0	0
"ENSG00000207451"	1	11208898	11209004	"NOVEL"	""	0	0	0	0	0	0	0	0	0	0	0	0	0	0
"ENSG00000120942"	1	11255850	11277699	"KNOWN"	"UBIAD1"	11	4	3	3	4	2	2	5	11	2	9	7	6	4
"ENSG00000204624"	1	11461882	11520194	"KNOWN"	"PTCHD2"	3	0	0	0	0	0	0	0	3	0	0	1	0	0
"ENSG00000116661"	1	11631037	11637326	"KNOWN"	"FBXO2"	43	11	18	8	12	30	8	12	42	4	42	30	8	42
"ENSG00000132879"	1	11637019	11645971	"KNOWN"	"FBXO44"	102	30	78	32	24	76	22	39	113	25	100	96	32	82
"ENSG00000116663"	1	11646768	11656994	"KNOWN"	"FBXO6"	6	8	6	3	6	1	9	5	4	9	7	12	10	8
"ENSG00000116670"	1	11657125	11674294	"KNOWN"	"MAD2L2"	24	34	33	25	20	26	15	18	33	27	37	23	28	31
"ENSG00000162490"	1	11674366	11703237	"KNOWN"	"C1orf187"	1	0	0	0	1	0	0	2	3	0	0	2	0	1
"ENSG00000177674"	1	11718729	11733412	"KNOWN"	"AGTRAP"	75	9	53	15	7	62	9	17	74	9	47	56	17	63
"ENSG00000177553"	1	11749386	11760935	"KNOWN"	"Q5SNV8_HUMAN"	0	0	0	0	1	0	0	0	1	0	0	0	0	0
"ENSG00000215910"	1	11754766	11772228	"KNOWN"	"C1orf167"	5	4	18	3	5	7	1	4	15	6	11	13	2	13
"ENSG00000177000"	1	11768367	11788702	"KNOWN"	"MTHFR"	130	29	146	28	34	108	28	24	134	33	122	130	31	104
"ENSG00000116685"	1	11782803	11909072	"KNOWN"	"KIAA2013"	34	29	30	28	22	24	17	30	33	28	36	29	28	40
"ENSG00000011021"	1	11788855	11825772	"KNOWN"	"CLCN6"	21	3	16	3	4	15	6	5	6	2	13	13	7	15
"ENSG00000175206"	1	11828356	11830989	"KNOWN"	"NPPA"	2	2	4	0	3	3	3	2	4	2	2	4	2	8
"ENSG00000120937"	1	11840109	11841579	"KNOWN"	"NPPB"	0	0	0	1	0	0	0	1	1	0	0	0	0	0
"ENSG00000199347"	1	11890796	11890915	"KNOWN"	"NR_002754.2"	8	0	5	2	1	2	2	1	2	2	1	6	1	2
"ENSG00000201801"	1	11892451	11892571	"NOVEL"	""	0	0	0	0	0	0	0	0	0	0	0	0	0	0
"ENSG00000083444"	1	11917333	11958181	"KNOWN"	"PLOD1"	210	173	208	164	172	158	157	184	209	162	172	188	178	169
"ENSG00000116688"	1	11962956	11996154	"KNOWN"	"MFN2"	117	71	134	72	72	122	68	50	124	68	108	115	60	90
"ENSG00000116691"	1	12002099	12014693	"KNOWN"	"NP_068752.2"	16	16	27	22	22	19	19	19	28	28	20	19	16	19
"ENSG00000202461"	1	12006658	12006768	"NOVEL"	""	0	0	1	0	0	0	0	0	1	0	2	2	0	0
"ENSG00000209447"	1	12019384	12019654	"NOVEL"	""	0	0	0	0	0	0	0	0	0	0	0	0	0	0
"ENSG00000120949"	1	12046021	12126851	"KNOWN"	"TNFRSF8"	1	0	1	0	1	0	0	1	4	1	1	2	0	2
"ENSG00000201135"	1	12060525	12060628	"NOVEL"	""	0	0	0	0	0	0	0	1	0	0	0	0	0	0
"ENSG00000028137"	1	12149647	12191863	"KNOWN"	"TNFRSF1B"	21	47	16	50	45	25	46	49	25	68	18	22	37	19
"ENSG00000048707"	1	12212700	12494686	"KNOWN"	"VPS13D"	383	162	393	161	164	349	174	121	420	171	306	418	137	307
"ENSG00000209457"	1	12391818	12391891	"NOVEL"	""	0	0	0	0	0	0	0	0	0	0	0	0	0	0
"ENSG00000209460"	1	12489887	12490038	"NOVEL"	""	0	0	0	0	0	0	0	0	0	0	0	0	0	0
"ENSG00000209463"	1	12512979	12513062	"NOVEL"	""	0	0	0	1	1	0	2	2	0	0	0	0	0	0
"ENSG00000162496"	1	12550526	12600381	"KNOWN"	"DHRS3"	220	524	232	485	484	220	454	437	250	590	248	280	530	248
"ENSG00000204518"	1	12627153	12649684	"KNOWN"	"AADACL4"	5	0	7	0	0	2	0	0	4	0	1	4	0	2
"ENSG00000188984"	1	12698705	12711313	"KNOWN"	"AADACL3"	0	0	0	0	0	0	0	0	0	0	0	0	0	0
"ENSG00000209466"	1	12722280	12722383	"NOVEL"	""	0	0	0	0	0	0	0	0	0	0	0	0	0	0
"ENSG00000157330"	1	12728750	12743688	"KNOWN"	"C1orf158"	0	0	0	0	0	0	0	0	0	0	0	0	0	0
"ENSG00000116726"	1	12757571	12760636	"KNOWN"	"PRAMEF12"	0	0	0	0	0	0	0	0	0	0	0	0	0	0
"ENSG00000116721"	1	12774133	12844828	"KNOWN"	"PRAMEF1"	0	0	0	0	0	0	0	0	0	0	0	0	0	0
"ENSG00000204513"	1	12807067	12811110	"KNOWN"	"PRAMEF11"	0	0	0	0	0	0	0	0	0	0	0	0	0	0
"ENSG00000179172"	1	12829848	12831165	"KNOWN"	"HNRPCL1"	2	1	7	2	4	3	4	6	5	4	5	13	5	4
"ENSG00000120952"	1	12839528	12844351	"KNOWN"	"PRAMEF2"	0	0	0	0	0	0	0	0	0	0	0	0	0	0
"ENSG00000116708"	1	12861620	12868612	"KNOWN"	"PRAMEF4"	0	0	0	0	0	0	0	0	0	0	0	0	0	0
"ENSG00000187545"	1	12875314	12880681	"KNOWN"	"PRAMEF10"	0	0	0	0	0	0	0	0	0	0	0	0	0	0
"ENSG00000204510"	1	12899037	12903156	"KNOWN"	"PRAMEF7"	0	0	0	0	0	0	0	0	0	0	0	0	0	0
"ENSG00000207434"	1	12904961	12905067	"NOVEL"	""	0	0	0	0	0	0	0	0	0	0	0	0	0	0
"ENSG00000204509"	1	12920768	12930007	"KNOWN"	"PRAMEF6"	0	0	0	0	0	0	0	0	0	0	0	0	0	0
"ENSG00000204508"	1	12958130	12960968	"KNOWN"	"NP_001094101.1"	0	0	0	0	0	0	0	0	0	0	0	0	0	0
"ENSG00000204507"	1	13031101	13040338	"NOVEL"	""	0	0	0	0	0	0	0	0	0	0	0	0	0	0
"ENSG00000204505"	1	13063043	13067587	"NOVEL"	""	0	0	0	0	0	0	0	0	0	0	0	0	0	0
"ENSG00000179412"	1	13105578	13106459	"NOVEL"	""	0	0	0	1	0	0	0	0	1	0	0	1	0	0
"ENSG00000204503"	1	13200783	13204279	"KNOWN"	"PRAMEF3"	0	0	0	0	0	0	0	0	0	0	0	0	0	0
"ENSG00000204502"	1	13232406	13241644	"KNOWN"	"PRAMEF5"	0	0	0	0	0	0	0	0	0	0	0	0	0	0
"ENSG00000207511"	1	13257322	13257428	"NOVEL"	""	0	0	0	0	0	0	0	0	0	0	0	0	0	0
"ENSG00000182330"	1	13259233	13263352	"KNOWN"	"PRAMEF8"	0	0	0	0	0	0	0	0	0	0	0	0	0	0
"ENSG00000204501"	1	13293763	13300778	"KNOWN"	"PRAMEF15"	0	0	0	0	0	0	0	0	0	0	0	0	0	0
"ENSG00000204495"	1	13320559	13325243	"KNOWN"	"PRAMEF13"	0	0	0	0	0	0	0	0	0	0	0	0	0	0
"ENSG00000204491"	1	13346640	13350156	"KNOWN"	"PRAMEF18"	0	0	0	0	0	0	0	0	0	0	0	0	0	0
"ENSG00000204488"	1	13367853	13370847	"KNOWN"	"PRAMEF16"	0	0	0	1	0	0	0	0	0	0	0	0	0	0
"ENSG00000204486"	1	13394550	13399530	"KNOWN"	"PRAMEF20"	0	0	0	0	0	0	0	0	0	0	0	0	0	0
"ENSG00000204485"	1	13480018	13484137	"NOVEL"	""	0	0	0	0	0	0	0	0	0	0	0	0	0	0
"ENSG00000157358"	1	13514560	13521575	"KNOWN"	"PRAMEF9"	0	0	0	0	0	0	0	0	0	0	0	0	0	0
"ENSG00000204481"	1	13540856	13546098	"KNOWN"	"PRAMEF14"	0	0	0	0	0	0	0	0	0	0	0	0	0	0
"ENSG00000204480"	1	13567476	13570992	"KNOWN"	"PRAMEF19"	0	0	0	0	0	0	0	0	0	0	0	0	0	0
"ENSG00000204479"	1	13588675	13591651	"KNOWN"	"PRAMEF17"	0	0	0	0	0	0	0	0	0	0	0	0	0	0
"ENSG00000204478"	1	13609494	13620390	"KNOWN"	"PRAMEF20"	0	0	0	0	0	0	0	0	0	0	0	0	0	0
"ENSG00000162494"	1	13674057	13712829	"KNOWN"	"LRRC38"	0	0	0	0	0	0	0	0	0	0	0	0	0	0
"ENSG00000215909"	1	13754083	13754781	"NOVEL"	""	1	0	0	0	0	0	0	0	0	2	0	0	0	0
"ENSG00000162493"	1	13782839	13817039	"KNOWN"	"PDPN"	20	5	26	4	4	39	6	5	37	2	22	40	6	26
"ENSG00000212288"	1	13895152	13895281	"NOVEL"	""	0	0	0	0	0	0	0	0	0	0	0	0	0	0
"ENSG00000116731"	1	13899322	14024162	"KNOWN"	"PRDM2"	116	38	116	42	34	118	36	40	98	48	102	104	38	79
"ENSG00000209090"	1	14323316	14323419	"NOVEL"	""	0	0	0	0	0	0	0	0	0	0	0	0	0	0
"ENSG00000189337"	1	14797787	15317125	"KNOWN"	"NP_001018001.1"	28	3	28	3	2	29	2	1	32	5	24	37	1	35
"ENSG00000203390"	1	14912036	14912453	"NOVEL"	""	0	0	4	0	0	0	0	0	4	0	1	3	0	0
"ENSG00000175147"	1	15315036	15351547	"KNOWN"	"C1orf126"	26	7	28	7	6	23	5	7	43	3	23	17	2	23
"ENSG00000171729"	1	15351649	15419561	"KNOWN"	"TMEM51"	119	9	112	10	13	85	11	16	110	21	91	136	10	112
"ENSG00000204464"	1	15367557	15370400	"KNOWN"	"Q5TG92_HUMAN"	1	0	3	0	0	2	0	0	1	0	1	3	0	2
"ENSG00000215720"	1	15390902	15391868	"NOVEL"	""	1	0	3	3	0	6	1	1	5	3	0	3	0	2
"ENSG00000142621"	1	15435808	15597210	"KNOWN"	"FHAD1"	2	0	2	0	1	1	1	0	2	0	0	2	0	1
"ENSG00000142634"	1	15609020	15629413	"KNOWN"	"EFHD2"	56	62	36	75	57	43	48	64	50	72	54	53	72	50
"ENSG00000162438"	1	15637522	15652128	"KNOWN"	"CTRC"	0	0	0	0	0	0	0	0	0	0	0	0	0	0
"ENSG00000142615"	1	15655811	15671167	"KNOWN"	"ELA2A_HUMAN"	0	0	0	0	0	0	0	0	0	0	0	0	0	0
"ENSG00000215704"	1	15675183	15690479	"KNOWN"	"ELA2B_HUMAN"	0	0	1	0	0	0	0	0	0	0	0	0	0	0
"ENSG00000132906"	1	15687322	15723527	"KNOWN"	"CASP9"	61	22	73	22	28	44	18	15	78	22	54	54	15	45
"ENSG00000116138"	1	15725895	15775174	"KNOWN"	"DNAJC16"	60	22	78	13	16	65	12	14	71	24	61	67	19	51
"ENSG00000116771"	1	15771739	15784192	"KNOWN"	"AGMAT"	528	161	613	162	166	536	175	118	598	163	527	624	136	467
"ENSG00000142635"	1	15803664	15804125	"NOVEL"	""	1	2	4	0	0	4	1	2	4	2	7	5	0	4
"ENSG00000200449"	1	15807173	15807215	"NOVEL"	""	0	0	0	0	0	0	0	0	0	0	0	0	0	0
"ENSG00000197312"	1	15816657	15859335	"KNOWN"	"DDI2"	30	11	15	12	7	19	8	6	15	10	11	28	16	15
"ENSG00000215695"	1	15858951	15860804	"KNOWN"	"RSC1A1"	41	23	46	23	30	27	23	24	37	35	30	55	15	19
"ENSG00000116786"	1	15883414	15933849	"KNOWN"	"PLEKHM2"	100	54	88	39	38	103	48	54	107	48	96	105	58	120
"ENSG00000162461"	1	15935396	15940471	"KNOWN"	"SLC25A34"	17	9	16	16	12	14	11	15	17	11	14	18	16	18
"ENSG00000162460"	1	15941504	15947064	"KNOWN"	"TMEM82"	3	31	15	38	29	16	25	52	18	43	15	19	52	14
"ENSG00000162458"	1	15955741	15985676	"KNOWN"	"FBLIM1"	46	17	44	28	21	46	13	17	69	23	50	59	21	60
"ENSG00000197883"	1	16006456	16006731	"NOVEL"	""	85	10	78	17	9	74	12	7	82	8	84	84	7	67
"ENSG00000179743"	1	16033561	16047229	"KNOWN"	"Q8N9F6_HUMAN"	8	6	12	5	3	8	13	2	13	11	10	10	8	5
"ENSG00000065526"	1	16046946	16139537	"KNOWN"	"SPEN"	197	128	197	125	102	170	126	119	200	130	170	217	106	172
"ENSG00000209487"	1	16109979	16110077	"NOVEL"	""	0	0	1	0	0	0	0	0	0	0	0	1	0	0
"ENSG00000116809"	1	16140953	16175191	"KNOWN"	"ZBTB17"	35	15	45	15	12	28	12	17	52	10	44	41	18	50
"ENSG00000183888"	1	16203318	16207889	"KNOWN"	"C1orf64"	25	0	19	0	0	23	1	1	28	0	27	25	0	25
"ENSG00000173641"	1	16213114	16218551	"KNOWN"	"HSPB7"	107	17	116	19	13	102	21	21	127	25	93	123	22	106
"ENSG00000186510"	1	16220953	16233132	"KNOWN"	"CLCNKA"	515	6	564	1	1	516	3	4	568	2	594	590	2	544
"ENSG00000184908"	1	16242912	16256390	"KNOWN"	"CLCNKB"	484	4	486	2	5	463	4	2	573	3	556	512	2	494
"ENSG00000185519"	1	16256853	16272708	"KNOWN"	"FAM131C"	5	0	8	0	0	7	1	0	8	0	9	11	0	14
"ENSG00000142627"	1	16323420	16355151	"KNOWN"	"EPHA2"	52	21	50	23	22	45	31	29	59	32	58	51	32	60
"ENSG00000142632"	1	16397186	16411691	"KNOWN"	"ARHGEF19"	8	5	6	2	4	2	4	4	10	1	7	7	2	4
"ENSG00000204378"	1	16415015	16416241	"KNOWN"	"TMEM16M"	0	0	0	0	0	4	0	1	4	0	1	3	0	0
"ENSG00000204377"	1	16427757	16428681	"KNOWN"	"C1orf134"	10	4	8	9	8	7	6	5	10	7	9	16	7	8
"ENSG00000132881"	1	16430782	16436178	"KNOWN"	"C1orf89"	10	6	7	9	2	16	1	5	9	4	8	11	4	14
"ENSG00000037637"	1	16449147	16551535	"KNOWN"	"FBXO42"	56	30	45	30	18	48	18	27	56	23	49	63	41	69
"ENSG00000055070"	1	16566307	16597224	"KNOWN"	"C1orf144"	127	85	133	87	78	125	61	62	148	76	104	155	74	126
"ENSG00000187144"	1	16594763	16636506	"KNOWN"	"SPATA21"	0	2	1	1	1	0	0	1	0	1	0	0	0	0
"ENSG00000157191"	1	16639814	16659159	"KNOWN"	"NECAP2"	87	76	96	72	72	81	80	65	81	69	80	94	71	80
"ENSG00000080947"	1	16666518	16691691	"KNOWN"	"CROCCL2"	23	14	21	15	21	27	15	13	42	17	15	23	8	17
"ENSG00000206652"	1	16713204	16713367	"NOVEL"	""	0	0	0	0	0	0	0	0	0	0	0	0	0	0
"ENSG00000197511"	1	16734842	16737256	"KNOWN"	"Q8NA34_HUMAN"	0	0	1	0	0	0	0	0	1	0	1	0	0	0
"ENSG00000204373"	1	16738148	16738657	"NOVEL"	""	0	0	0	0	0	0	0	0	0	0	0	0	0	0
"ENSG00000209511"	1	16746747	16746819	"NOVEL"	""	0	0	0	0	0	0	0	0	0	0	0	0	0	0
"ENSG00000209524"	1	16752544	16752615	"NOVEL"	""	0	0	0	0	0	0	0	0	0	0	0	0	0	0
"ENSG00000179571"	1	16762999	16812569	"KNOWN"	"Q8IX83_HUMAN"	34	20	32	16	17	30	18	18	32	10	19	32	5	32
"ENSG00000215908"	1	16817340	16830035	"KNOWN"	"Q86T23_HUMAN"	80	186	75	232	224	58	199	190	88	231	72	86	185	67
"ENSG00000186543"	1	16828752	16843765	"KNOWN"	"Q6ZWC0_HUMAN"	14	17	20	24	23	11	27	31	15	40	22	13	31	15
"ENSG00000186301"	1	16843841	16849428	"KNOWN"	"Q49A61_HUMAN"	9	132	10	128	116	6	134	145	12	129	17	17	149	14
"ENSG00000207513"	1	16865867	16866030	"NOVEL"	""	0	0	0	0	0	0	0	0	0	0	0	0	0	0
"ENSG00000188605"	1	16872085	16872594	"NOVEL"	""	0	0	0	0	0	0	0	0	0	0	0	0	0	0
"ENSG00000157819"	1	16884703	16885137	"NOVEL"	""	46	21	37	14	22	32	13	16	34	23	27	31	11	26
"ENSG00000116219"	1	16890302	16919239	"KNOWN"	"ESPNP"	2	3	3	0	0	1	0	0	3	2	6	1	0	3
"ENSG00000209530"	1	16924648	16924720	"NOVEL"	""	0	0	0	0	0	0	0	0	0	0	0	0	0	0
"ENSG00000189092"	1	16933034	16933543	"NOVEL"	""	0	0	0	0	0	0	0	0	0	0	0	0	0	0
"ENSG00000207389"	1	16939598	16939761	"NOVEL"	""	0	0	0	0	0	0	0	0	0	0	0	0	0	0
"ENSG00000186715"	1	16953992	16963562	"KNOWN"	"MSTP9"	44	88	44	90	106	57	90	99	50	84	45	58	92	42
"ENSG00000209540"	1	17053487	17053558	"NOVEL"	""	0	0	0	0	0	0	0	0	0	0	0	0	0	0
"ENSG00000209545"	1	17059280	17059352	"NOVEL"	""	0	0	0	0	0	0	0	0	0	0	0	0	0	0
"ENSG00000196690"	1	17068841	17071255	"NOVEL"	""	0	0	0	0	0	0	0	0	0	0	0	1	0	0
"ENSG00000199554"	1	17072790	17072934	"NOVEL"	""	0	0	1	0	0	1	0	0	0	0	1	0	0	0
"ENSG00000207005"	1	17095062	17095225	"NOVEL"	""	0	0	0	0	0	0	0	0	0	0	0	0	0	0
"ENSG00000058453"	1	17121032	17172040	"KNOWN"	"CROCC"	42	10	39	14	11	32	10	15	47	17	57	44	15	75
"ENSG00000117122"	1	17173584	17179760	"KNOWN"	"MFAP2"	0	0	5	0	1	1	0	0	1	0	0	0	0	1
"ENSG00000159363"	1	17185040	17210868	"KNOWN"	"ATP13A2"	57	7	41	15	12	33	10	12	61	9	47	60	14	57
"ENSG00000117118"	1	17217817	17253252	"KNOWN"	"SDHB"	342	199	349	179	184	375	199	158	385	206	296	413	177	267
"ENSG00000117115"	1	17265844	17318517	"KNOWN"	"PADI2"	115	2	110	2	2	106	2	1	102	2	112	110	2	96
"ENSG00000204362"	1	17388865	17396699	"KNOWN"	"Q6ZS05_HUMAN"	1	0	2	0	0	1	0	0	1	0	0	0	0	0
"ENSG00000142623"	1	17404208	17445086	"KNOWN"	"PADI1"	0	0	2	0	0	1	0	0	0	0	0	1	0	1
"ENSG00000142619"	1	17448180	17483312	"KNOWN"	"PADI3"	0	0	0	0	1	1	0	0	0	0	0	0	0	0
"ENSG00000159339"	1	17507277	17563082	"KNOWN"	"PADI4"	0	0	0	1	0	0	0	0	0	0	0	0	0	2
"ENSG00000197996"	1	17571278	17600782	"KNOWN"	"PADI6"	0	0	0	0	0	0	0	0	0	0	0	0	0	0
"ENSG00000179051"	1	17605866	17638807	"KNOWN"	"RCC2"	40	14	42	24	20	40	14	18	32	14	36	38	16	33
"ENSG00000212578"	1	17657245	17657505	"NOVEL"	""	0	0	0	0	0	0	0	0	0	0	0	0	0	0
"ENSG00000074964"	1	17738917	17896956	"KNOWN"	"ARHGEF10L"	152	295	140	321	239	139	284	280	155	287	167	180	304	159
"ENSG00000117148"	1	17954395	18026145	"KNOWN"	"ACTL8"	0	0	0	0	0	0	0	0	0	0	0	0	0	0
"ENSG00000117154"	1	18306827	18577563	"KNOWN"	"IGSF21"	0	2	0	2	2	0	0	0	0	1	0	1	0	0
"ENSG00000179023"	1	18680011	18685207	"KNOWN"	"KLHDC7A"	176	62	158	76	51	138	57	54	169	78	186	182	69	124
"ENSG00000124854"	1	18712199	18712468	"NOVEL"	""	0	0	1	0	0	0	0	0	0	0	0	1	0	0
"ENSG00000009709"	1	18830087	18944010	"KNOWN"	"PAX7"	0	0	0	0	0	0	0	0	0	0	0	0	0	0
"ENSG00000179002"	1	19038680	19058742	"KNOWN"	"TAS1R2"	0	0	0	0	0	0	0	0	0	0	0	0	0	0
"ENSG00000159423"	1	19070513	19101659	"KNOWN"	"ALDH4A1"	808	1150	771	1025	1056	748	993	1082	922	1153	830	906	1168	818
"ENSG00000169991"	1	19103362	19154930	"KNOWN"	"Q5TF58_HUMAN"	83	39	72	39	42	66	37	36	66	66	70	76	38	60
"ENSG00000127481"	1	19273587	19409333	"KNOWN"	"UBR4"	440	312	471	320	325	444	299	286	469	319	448	500	315	437
"ENSG00000127463"	1	19417172	19450633	"KNOWN"	"KIAA0090"	70	35	86	45	28	78	22	17	85	20	76	84	22	71
"ENSG00000053372"	1	19450662	19459209	"KNOWN"	"MRTO4"	35	40	29	43	42	30	54	30	36	51	23	38	39	31
"ENSG00000211454"	1	19465065	19473155	"KNOWN"	"ARK74_HUMAN"	10	71	12	70	84	10	64	62	12	82	11	14	64	10
"ENSG00000162482"	1	19481644	19487867	"KNOWN"	"AKR7A3"	132	111	143	120	108	126	114	88	141	88	125	154	92	123
"ENSG00000053371"	1	19503046	19511227	"KNOWN"	"AKR7A2"	127	75	125	72	76	108	58	63	148	59	138	130	83	122
"ENSG00000200403"	1	19504157	19504263	"NOVEL"	""	0	0	0	0	0	0	0	0	0	0	1	0	1	0
"ENSG00000040487"	1	19511327	19528380	"KNOWN"	"PQLC2"	18	13	16	16	14	18	11	22	20	15	23	9	24	25
"ENSG00000212349"	1	19518887	19519141	"NOVEL"	""	1	0	0	0	0	0	0	0	1	0	0	0	0	0
"ENSG00000212676"	1	19531483	19533525	"KNOWN"	"Q8N980_HUMAN"	3	4	3	3	3	2	3	3	2	8	2	2	2	1
"ENSG00000077549"	1	19537857	19684594	"KNOWN"	"CAPZB"	340	162	354	160	134	340	117	127	380	158	362	368	144	318
"ENSG00000204312"	1	19598631	19599796	"KNOWN"	"Q6ZNY8_HUMAN"	0	0	0	0	0	1	0	0	0	0	0	0	1	0
"ENSG00000209568"	1	19623465	19623680	"NOVEL"	""	0	0	1	0	0	2	0	0	1	1	0	1	0	0
"ENSG00000201609"	1	19709674	19709814	"NOVEL"	""	0	0	0	0	0	0	0	0	0	0	0	0	0	0
"ENSG00000209589"	1	19731251	19731355	"NOVEL"	""	0	0	0	0	0	0	0	0	0	1	0	0	0	0
"ENSG00000173436"	1	19796054	19839759	"KNOWN"	"C1orf151"	125	29	146	38	32	124	34	34	137	36	128	145	30	124
"ENSG00000158747"	1	19842313	19857532	"KNOWN"	"NBL1"	73	15	75	9	12	71	12	18	100	10	82	86	13	94
"ENSG00000158748"	1	19864367	19878642	"KNOWN"	"HTR6"	0	0	1	0	0	0	0	0	0	0	0	0	0	0
"ENSG00000162542"	1	19881320	19998997	"KNOWN"	"TMCO4"	59	20	80	12	14	49	22	16	70	18	52	77	17	64
"ENSG00000178828"	1	20013109	20014358	"KNOWN"	"RNF186"	49	2	38	1	2	39	1	1	44	2	36	33	1	51
"ENSG00000169914"	1	20081498	20112016	"KNOWN"	"OTUD3"	72	30	63	17	28	62	14	20	76	20	69	73	24	47
"ENSG00000188784"	1	20119387	20122697	"KNOWN"	"PLA2G2E"	0	0	0	0	0	0	0	0	0	0	0	0	0	0
"ENSG00000209591"	1	20170050	20170349	"NOVEL"	""	0	0	0	0	0	0	0	0	0	0	0	0	0	0
"ENSG00000188257"	1	20174511	20179496	"KNOWN"	"PLA2G2A"	4	66	10	85	84	9	69	77	5	89	4	4	85	5
"ENSG00000127472"	1	20227259	20290978	"KNOWN"	"PLA2G5"	1	18	0	20	15	0	20	20	0	18	0	0	14	0
"ENSG00000117215"	1	20311065	20318595	"KNOWN"	"PLA2G2D"	0	0	0	0	0	0	0	1	0	0	0	1	0	0
"ENSG00000158786"	1	20338406	20349466	"KNOWN"	"PLA2G2F"	0	0	0	0	0	1	0	0	0	0	0	2	0	1
"ENSG00000187980"	1	20363071	20374247	"KNOWN"	"Q5R387_HUMAN"	0	0	0	0	0	0	0	0	0	0	0	0	0	0
"ENSG00000162543"	1	20385168	20395126	"KNOWN"	"UBXD3"	35	2	44	0	2	38	0	2	34	0	37	42	1	26
"ENSG00000158816"	1	20490017	20553343	"KNOWN"	"Q96M71_HUMAN"	23	0	23	0	0	15	1	1	31	0	26	33	0	39
"ENSG00000162545"	1	20681472	20685315	"KNOWN"	"CAMK2N1"	493	187	474	200	185	456	152	145	501	192	410	509	172	409
"ENSG00000090432"	1	20698530	20707241	"KNOWN"	"C1orf166"	85	67	95	55	53	82	45	51	82	66	88	97	68	101
"ENSG00000215520"	1	20725069	20725824	"NOVEL"	""	0	0	1	0	0	1	0	0	1	0	0	1	0	0
"ENSG00000183114"	1	20751519	20754087	"KNOWN"	"FAM43B"	5	2	4	1	0	3	1	2	0	0	6	4	1	11
"ENSG00000158825"	1	20788031	20817985	"KNOWN"	"CDA"	29	63	29	55	65	36	59	70	26	49	34	34	68	35
"ENSG00000158828"	1	20832535	20850590	"KNOWN"	"PINK1"	363	238	376	225	199	345	201	225	388	232	373	415	200	368
"ENSG00000215511"	1	20849443	20849794	"NOVEL"	""	68	39	67	41	55	68	38	43	69	53	59	84	40	77
"ENSG00000117242"	1	20850847	20860624	"KNOWN"	"DDOST"	287	190	308	175	184	247	161	149	320	186	262	292	158	255
"ENSG00000117245"	1	20863094	20917097	"KNOWN"	"KIF17"	9	5	11	6	4	5	2	6	4	9	10	9	2	2
"ENSG00000189410"	1	20918812	20931720	"KNOWN"	"SH2D5"	3	0	1	0	0	1	0	0	2	0	2	3	1	0
"ENSG00000127483"	1	20941758	20985768	"KNOWN"	"HP1BP3"	278	96	272	97	110	265	78	70	269	103	255	288	70	225
"ENSG00000075151"	1	21005559	21375927	"KNOWN"	"EIF4G3"	197	47	214	61	77	172	79	45	188	70	163	215	59	143
"ENSG00000117298"	1	21417664	21544584	"KNOWN"	"ECE1"	98	32	89	30	24	80	32	24	104	36	100	126	36	92
"ENSG00000212674"	1	21417866	21418228	"KNOWN"	"Q6ZWD9_HUMAN"	10	15	11	10	18	16	11	11	13	8	17	23	17	17
"ENSG00000182068"	1	21597067	21597420	"NOVEL"	""	2	0	1	0	0	1	0	0	3	1	0	1	1	1
"ENSG00000209594"	1	21613301	21613372	"NOVEL"	""	0	0	0	0	0	0	0	0	0	0	0	0	0	0
"ENSG00000187952"	1	21627382	21628617	"NOVEL"	""	0	0	0	0	0	0	0	0	0	0	1	2	0	1
"ENSG00000142794"	1	21639217	21684085	"KNOWN"	"NBPF3"	13	3	7	1	8	7	4	1	12	8	8	5	2	5
"ENSG00000176378"	1	21658742	21659165	"NOVEL"	""	0	0	0	1	0	0	1	0	0	0	0	0	0	0
"ENSG00000162551"	1	21708445	21777492	"KNOWN"	"ALPL"	180	110	174	124	92	180	95	88	192	99	166	209	94	182
"ENSG00000076864"	1	21795302	21868390	"KNOWN"	"RAP1GAP"	594	89	609	69	79	543	76	97	630	94	627	714	88	639
"ENSG00000090686"	1	21877378	21982275	"KNOWN"	"USP48"	108	96	130	92	92	102	74	62	107	68	87	131	74	82
"ENSG00000201269"	1	21940232	21940275	"NOVEL"	""	0	0	0	0	0	0	0	0	0	0	0	0	0	0
"ENSG00000187942"	1	22011345	22024301	"KNOWN"	"LDLRAD2"	203	69	191	79	80	184	64	82	219	79	230	245	85	207
"ENSG00000142798"	1	22021325	22136297	"KNOWN"	"HSPG2"	10	1	7	1	1	7	3	2	3	4	7	12	2	8
"ENSG00000142789"	1	22175999	22224238	"KNOWN"	"ELA3B"	0	0	0	0	0	0	0	0	0	0	0	0	0	0
"ENSG00000209600"	1	22186561	22186857	"NOVEL"	""	0	0	0	0	0	0	0	0	0	0	0	0	0	0
"ENSG00000201919"	1	22186896	22186999	"NOVEL"	""	0	0	0	0	0	0	0	0	0	0	0	0	0	0
"ENSG00000209608"	1	22209730	22210026	"NOVEL"	""	0	0	0	0	0	0	0	0	0	0	0	0	0	0
"ENSG00000201273"	1	22210065	22210168	"NOVEL"	""	0	0	0	0	0	0	0	0	0	0	0	0	0	0
"ENSG00000070831"	1	22235157	22292024	"KNOWN"	"CDC42"	212	140	202	156	131	218	130	132	206	153	158	196	146	156
"ENSG00000162552"	1	22318786	22342197	"KNOWN"	"WNT4"	2	0	1	0	0	2	0	1	2	1	1	1	0	6
"ENSG00000198137"	1	22521929	22522411	"NOVEL"	""	3	0	0	0	1	0	0	1	0	0	0	2	0	0
"ENSG00000184677"	1	22650931	22727567	"KNOWN"	"ZBTB40"	60	20	70	22	22	64	21	16	88	20	71	92	15	66
"ENSG00000070886"	1	22762591	22802674	"KNOWN"	"EPHA8"	0	0	0	0	0	0	0	0	0	0	0	0	0	0
"ENSG00000173372"	1	22835705	22838762	"KNOWN"	"C1QA"	15	50	15	57	41	5	40	48	9	60	19	16	48	14
"ENSG00000159189"	1	22842713	22847190	"KNOWN"	"C1QC"	6	44	3	30	41	2	49	38	7	54	7	4	45	8
"ENSG00000173369"	1	22852269	22860616	"KNOWN"	"C1QB"	10	44	15	34	43	7	53	56	19	60	13	13	53	10
"ENSG00000133216"	1	22909918	23114410	"KNOWN"	"EPHB2"	4	0	8	1	1	4	0	0	7	0	8	9	0	1
"ENSG00000216157"	1	22947897	22947991	"NOVEL"	""	0	0	0	0	0	0	0	0	0	0	0	0	0	0
"ENSG00000215906"	1	23152129	23162300	"NOVEL"	""	0	0	0	0	0	0	0	0	0	0	0	0	0	0
"ENSG00000004487"	1	23218533	23282771	"KNOWN"	"AOF2"	107	50	119	70	61	109	51	47	132	50	96	112	49	96
"ENSG00000169641"	1	23283110	23367897	"KNOWN"	"LUZP1"	149	21	176	30	27	143	31	30	145	38	133	159	30	136
"ENSG00000206935"	1	23361784	23361890	"NOVEL"	""	0	0	0	0	0	0	0	0	1	0	0	0	0	0
"ENSG00000209629"	1	23363033	23363117	"NOVEL"	""	0	0	0	0	0	0	0	0	0	0	0	0	0	0
"ENSG00000179546"	1	23389580	23393809	"KNOWN"	"HTR1D"	0	0	0	0	0	0	0	2	0	0	0	0	0	0
"ENSG00000215381"	1	23443836	23444311	"NOVEL"	""	1	1	0	0	2	1	0	0	0	0	0	1	0	1
"ENSG00000125944"	1	23508863	23543402	"KNOWN"	"HNRNPR"	228	96	235	90	85	224	81	60	222	99	179	240	82	173
"ENSG00000125945"	1	23558528	23568944	"KNOWN"	"ZNF436"	34	14	42	20	14	30	16	16	44	20	31	36	10	31
"ENSG00000187251"	1	23568051	23576771	"KNOWN"	"C1orf213"	12	10	14	5	4	8	4	8	14	6	12	13	4	9
"ENSG00000201405"	1	23569334	23569427	"NOVEL"	""	0	3	0	0	4	1	1	1	2	1	0	2	0	1
"ENSG00000204219"	1	23579510	23623848	"KNOWN"	"TCEA3"	120	140	144	144	143	128	140	109	130	150	124	130	141	141
"ENSG00000088280"	1	23627643	23683285	"KNOWN"	"DDEFL1"	60	31	68	32	34	54	24	32	70	30	66	78	30	67
"ENSG00000203345"	1	23691804	23692013	"NOVEL"	""	0	0	0	1	1	0	0	0	0	0	0	0	0	0
"ENSG00000007968"	1	23705509	23730300	"KNOWN"	"E2F2"	0	1	0	2	1	0	0	1	0	1	1	1	1	0
"ENSG00000203344"	1	23712003	23712141	"NOVEL"	""	0	0	0	0	1	0	0	0	0	0	0	0	0	0
"ENSG00000203343"	1	23722899	23723146	"NOVEL"	""	0	1	0	0	0	0	0	0	0	1	0	0	0	0
"ENSG00000117318"	1	23757043	23758872	"KNOWN"	"ID3"	87	24	82	22	20	86	19	35	74	35	82	96	31	106
"ENSG00000197880"	1	23826411	23839643	"KNOWN"	"MDS2"	0	1	1	0	0	0	0	0	0	0	0	0	0	0
"ENSG00000142676"	1	23890881	23895502	"KNOWN"	"RPL11"	1049	837	1097	817	777	987	753	660	1010	825	899	1113	758	896
"ENSG00000209640"	1	23935686	23935967	"NOVEL"	""	1	0	0	1	0	0	1	2	0	0	0	2	0	1
"ENSG00000011007"	1	23942549	23958974	"KNOWN"	"TCEB3"	69	73	73	81	72	79	62	61	65	80	55	85	64	59
"ENSG00000057757"	1	23977470	23987309	"KNOWN"	"C1orf128"	84	83	92	84	84	68	81	72	69	106	62	98	73	59
"ENSG00000011009"	1	23990233	23994614	"KNOWN"	"LYPLA2P1"	24	15	16	15	8	28	16	12	33	10	31	16	18	17
"ENSG00000117308"	1	23994676	23999881	"KNOWN"	"GALE"	58	61	53	55	70	49	47	56	60	74	67	73	50	64
"ENSG00000117305"	1	24000955	24025264	"KNOWN"	"HMGCL"	240	400	215	393	369	246	362	336	236	409	197	258	370	206
"ENSG00000179163"	1	24044161	24067408	"KNOWN"	"FUCA1"	218	102	209	89	99	182	77	58	200	77	153	214	69	156
"ENSG00000188822"	1	24073047	24112404	"KNOWN"	"CNR2"	0	1	1	0	0	0	0	2	0	0	0	1	0	0
"ENSG00000189266"	1	24158905	24162515	"KNOWN"	"PNRC2"	5	2	7	7	4	6	3	3	12	2	3	4	2	4
"ENSG00000188529"	1	24163881	24179408	"KNOWN"	"FUSIP1"	0	0	0	0	0	0	0	0	0	0	0	0	0	0
"ENSG00000215905"	1	24206958	24207596	"NOVEL"	""	0	0	0	0	0	0	0	0	0	0	0	0	0	0
"ENSG00000142661"	1	24255112	24311252	"KNOWN"	"MYOM3"	126	0	144	2	2	124	2	3	144	3	134	134	1	123
"ENSG00000142677"	1	24318848	24342198	"KNOWN"	"IL22RA1"	3	12	4	25	11	2	12	17	6	13	3	2	14	0
"ENSG00000185436"	1	24353234	24387036	"KNOWN"	"IL28RA"	8	6	2	6	12	1	12	4	7	11	6	6	11	5
"ENSG00000158055"	1	24513251	24563559	"KNOWN"	"GRHL3"	1	0	3	0	0	1	0	0	2	0	3	2	0	3
"ENSG00000001460"	1	24556076	24614174	"KNOWN"	"C1orf201"	24	4	29	5	3	30	6	4	31	4	25	23	2	22
"ENSG00000001461"	1	24614871	24672053	"KNOWN"	"NPAL3"	23	3	26	4	4	32	2	2	35	6	30	32	6	19
"ENSG00000117602"	1	24701974	24736091	"KNOWN"	"RCAN3"	19	4	17	2	2	26	3	4	19	5	18	25	4	16
"ENSG00000184454"	1	24755189	24808403	"KNOWN"	"C1orf130"	2	8	4	4	14	0	10	12	1	10	0	2	9	2
"ENSG00000212239"	1	24824491	24824591	"NOVEL"	""	0	0	0	0	0	0	0	0	0	0	0	0	0	0
"ENSG00000133226"	1	24842181	24872358	"KNOWN"	"SRRM1"	136	112	154	138	105	143	132	109	162	133	132	162	112	142
"ENSG00000209656"	1	24866062	24866165	"NOVEL"	""	0	1	0	1	0	0	1	0	0	0	0	0	0	0
"ENSG00000169504"	1	24944435	25043345	"KNOWN"	"CLIC4"	603	267	620	224	258	551	257	151	560	245	407	634	161	434
"ENSG00000212350"	1	24976951	24977057	"NOVEL"	""	0	0	0	0	0	0	0	0	0	0	0	0	0	0
"ENSG00000020633"	1	25098589	25164197	"KNOWN"	"RUNX3"	3	24	0	14	13	2	14	14	3	10	2	3	23	4
"ENSG00000117614"	1	25421354	25431600	"KNOWN"	"SYF2"	134	88	141	66	88	158	74	54	149	73	108	118	56	102
"ENSG00000117616"	1	25441328	25446572	"KNOWN"	"C1orf63"	278	221	258	235	259	268	232	175	293	252	201	265	183	217
"ENSG00000187010"	1	25471568	25529523	"KNOWN"	"RHD"	2	3	0	2	0	3	2	2	1	4	3	1	3	3
"ENSG00000215228"	1	25493242	25493721	"NOVEL"	""	0	1	0	0	0	0	0	0	0	1	0	1	0	1
"ENSG00000183726"	1	25537396	25561437	"KNOWN"	"TMEM50A"	235	79	213	69	67	226	75	59	244	82	198	232	64	181
"ENSG00000188672"	1	25561328	25629270	"KNOWN"	"RHCE"	4	2	4	0	1	4	3	0	2	2	1	3	2	1
"ENSG00000204181"	1	25597799	25598278	"NOVEL"	""	0	0	0	0	0	0	0	0	0	0	0	0	0	0
"ENSG00000204178"	1	25630006	25698515	"KNOWN"	"TMEM57"	68	112	66	116	90	71	99	102	70	113	58	65	93	53
"ENSG00000157978"	1	25742658	25767962	"KNOWN"	"LDLRAP1"	68	97	97	80	88	69	70	78	89	93	78	56	82	73
"ENSG00000203342"	1	25781498	25781673	"NOVEL"	""	0	0	0	0	0	0	0	0	0	0	0	0	0	0
"ENSG00000203341"	1	25784093	25784586	"NOVEL"	""	0	0	0	0	0	0	0	1	0	1	0	0	0	0
"ENSG00000117643"	1	25816546	25983528	"KNOWN"	"MAN1C1"	222	58	206	44	46	208	42	45	238	60	190	265	40	214
"ENSG00000162430"	1	25999254	26017300	"KNOWN"	"SEPN1"	354	63	330	67	54	306	54	50	380	69	329	376	54	313
"ENSG00000117640"	1	26019048	26032016	"KNOWN"	"FAM54B"	382	276	330	241	259	323	232	195	403	305	294	338	235	293
"ENSG00000177515"	1	26019207	26019589	"NOVEL"	""	3	1	1	0	0	2	0	0	2	1	3	2	0	2
"ENSG00000127423"	1	26033084	26058435	"KNOWN"	"C1orf135"	2	2	2	4	1	2	3	3	9	1	3	7	2	2
"ENSG00000182749"	1	26060289	26070331	"KNOWN"	"PAQR7"	202	25	181	31	25	177	28	33	214	24	173	217	40	167
"ENSG00000207302"	1	26076574	26076681	"NOVEL"	""	0	0	0	0	2	0	0	1	0	0	0	0	0	0
"ENSG00000177493"	1	26083259	26091685	"KNOWN"	"C1orf215"	0	0	0	0	0	0	0	0	1	1	0	0	1	0
"ENSG00000117632"	1	26099196	26105955	"KNOWN"	"STMN1"	131	22	129	18	20	116	17	10	119	24	110	119	20	97
"ENSG00000158006"	1	26159848	26197235	"KNOWN"	"PAFAH2"	108	44	115	38	56	88	41	45	120	52	86	88	28	98
"ENSG00000207237"	1	26163275	26163378	"NOVEL"	""	0	0	0	0	0	0	0	0	0	0	0	0	0	0
"ENSG00000212341"	1	26205294	26205377	"NOVEL"	""	0	0	0	0	0	0	0	0	0	0	0	0	0	0
"ENSG00000158008"	1	26220858	26235537	"KNOWN"	"EXTL1"	4	1	2	0	1	1	0	1	1	1	2	1	0	2
"ENSG00000158014"	1	26237101	26245191	"KNOWN"	"SLC30A2"	51	0	60	0	1	43	0	1	57	0	46	56	0	50
"ENSG00000158022"	1	26250385	26266708	"KNOWN"	"TRIM63"	9	2	14	1	2	15	1	2	12	2	7	16	4	7
"ENSG00000175087"	1	26310913	26324608	"KNOWN"	"PDIK1L"	24	28	22	30	29	26	22	16	26	27	14	18	21	23
"ENSG00000197245"	1	26358098	26361705	"KNOWN"	"GRRP1"	7	2	7	0	3	9	3	2	3	2	11	8	1	0
"ENSG00000142684"	1	26368997	26369941	"KNOWN"	"ZNF593"	12	21	30	17	14	12	13	26	25	27	16	28	36	22
"ENSG00000142675"	1	26376573	26388964	"KNOWN"	"CNKSR1"	34	12	27	10	12	33	4	6	27	9	39	42	12	25
"ENSG00000188782"	1	26389706	26401620	"KNOWN"	"CATSPER4"	0	0	0	0	0	0	0	0	0	0	0	0	0	0
"ENSG00000130695"	1	26433280	26477884	"KNOWN"	"CCDC21"	39	19	48	13	24	35	17	18	51	22	41	43	18	29
"ENSG00000209677"	1	26445832	26445916	"NOVEL"	""	0	2	0	4	0	0	2	0	0	3	0	0	0	0
"ENSG00000142669"	1	26478254	26480594	"KNOWN"	"SH3BGRL3"	162	62	156	63	47	161	60	92	156	68	168	164	63	161
"ENSG00000158062"	1	26480406	26517441	"KNOWN"	"UBXD5"	21	6	37	8	5	26	7	12	38	4	47	40	11	43
"ENSG00000169442"	1	26516998	26519600	"KNOWN"	"CD52"	2	4	3	3	5	2	7	5	0	6	1	2	6	3
"ENSG00000176092"	1	26520937	26542929	"KNOWN"	"AIM1L"	0	0	1	0	0	0	0	0	0	0	1	0	0	1
"ENSG00000215904"	1	26543492	26545735	"KNOWN"	"Q5T144_HUMAN"	0	0	0	0	0	0	0	0	0	0	0	0	0	0
"ENSG00000176083"	1	26560713	26571853	"KNOWN"	"ZNF683"	0	1	0	0	1	0	0	0	0	0	0	0	1	0
"ENSG00000131914"	1	26609856	26628806	"KNOWN"	"LIN28"	0	0	0	0	0	0	0	0	0	0	0	0	0	0
"ENSG00000117682"	1	26631360	26670380	"KNOWN"	"DHDDS"	27	7	18	8	2	19	6	5	30	7	27	25	7	23
"ENSG00000198830"	1	26671593	26675718	"KNOWN"	"HMGN2"	21	7	20	9	8	20	4	7	37	11	29	25	11	28
"ENSG00000117676"	1	26728836	26774108	"KNOWN"	"RPS6KA1"	77	21	86	21	27	81	28	18	97	29	98	94	19	90
"ENSG00000209680"	1	26792323	26792624	"NOVEL"	""	0	1	1	0	1	2	1	0	0	0	0	0	0	1
"ENSG00000200373"	1	26793020	26793119	"NOVEL"	""	1	0	0	0	0	0	0	0	0	0	0	0	0	0
"ENSG00000209703"	1	26841366	26841467	"NOVEL"	""	0	0	0	0	0	0	0	0	0	0	0	0	0	0
"ENSG00000117713"	1	26895109	26981188	"KNOWN"	"ARID1A"	240	202	245	184	209	216	176	190	222	213	226	262	196	209
"ENSG00000060642"	1	26987073	26997471	"KNOWN"	"PIGV"	51	74	43	68	80	44	92	58	38	66	28	45	58	45
"ENSG00000209708"	1	27013903	27014185	"NOVEL"	""	0	2	0	2	4	0	0	1	1	2	0	0	3	0
"ENSG00000204160"	1	27025788	27054794	"KNOWN"	"ZDHHC18"	44	65	28	67	50	24	63	66	43	62	42	40	69	34
"ENSG00000175793"	1	27062240	27063534	"KNOWN"	"SFN"	2	1	3	1	1	1	0	0	2	0	4	6	0	4
"ENSG00000142751"	1	27078460	27089456	"KNOWN"	"ATPBD1B"	10	13	19	14	13	24	11	16	19	14	17	24	12	25
"ENSG00000198746"	1	27089567	27099549	"KNOWN"	"GPATCH3"	15	10	14	10	14	16	6	8	20	16	16	13	10	19
"ENSG00000131910"	1	27110566	27113047	"KNOWN"	"NR0B2"	19	72	15	107	64	25	73	75	20	119	21	26	113	13
"ENSG00000090273"	1	27120811	27145474	"KNOWN"	"NUDC"	97	134	97	116	131	74	111	116	102	112	100	127	143	96
"ENSG00000175707"	1	27148648	27159484	"KNOWN"	"C1orf172"	20	10	14	6	4	14	4	4	17	4	17	14	5	16
"ENSG00000172746"	1	27179165	27180053	"NOVEL"	""	2	0	4	1	2	0	2	3	0	1	0	3	0	1
"ENSG00000177665"	1	27184975	27185418	"NOVEL"	""	0	0	0	0	0	0	1	0	0	0	1	0	0	0
"ENSG00000204157"	1	27192785	27199731	"KNOWN"	"NP_001013664.1"	82	17	70	20	8	55	19	18	75	22	63	91	18	43
"ENSG00000158246"	1	27204100	27211914	"KNOWN"	"FAM46B"	17	0	26	1	0	31	0	0	25	1	23	20	3	25
"ENSG00000090020"	1	27297893	27366059	"KNOWN"	"SLC9A1"	51	8	38	8	6	38	4	6	44	9	50	42	4	42
"ENSG00000187234"	1	27376155	27376355	"NOVEL"	""	0	0	0	0	0	0	0	0	0	0	0	0	0	0
"ENSG00000214973"	1	27399914	27400551	"NOVEL"	""	18	2	14	1	2	10	1	1	14	2	3	11	0	10
"ENSG00000142784"	1	27433746	27507322	"KNOWN"	"WDTC1"	186	96	178	94	92	169	73	99	213	113	175	193	111	207
"ENSG00000212364"	1	27454544	27454645	"NOVEL"	""	0	0	0	0	0	0	0	0	0	0	0	0	0	0
"ENSG00000209713"	1	27513836	27513948	"NOVEL"	""	0	1	0	0	0	0	1	0	0	1	0	0	1	0
"ENSG00000186501"	1	27521276	27535477	"KNOWN"	"C1orf160"	59	54	51	52	47	38	39	63	65	62	64	59	46	65
"ENSG00000206888"	1	27524297	27524403	"NOVEL"	""	1	0	0	0	0	2	0	0	1	1	0	1	0	0
"ENSG00000142765"	1	27541100	27553008	"KNOWN"	"SYTL1"	2	4	8	1	3	1	3	2	4	4	4	2	6	2
"ENSG00000214942"	1	27543647	27543928	"NOVEL"	""	0	0	0	0	0	1	0	0	0	1	0	0	0	0
"ENSG00000142733"	1	27554257	27565970	"KNOWN"	"MAP3K6"	56	12	63	8	6	70	14	9	64	12	95	84	12	82
"ENSG00000203659"	1	27567601	27567887	"NOVEL"	""	0	0	0	0	0	0	0	0	0	0	0	0	0	0
"ENSG00000142748"	1	27568189	27573916	"KNOWN"	"FCN3"	38	69	35	83	69	40	74	96	45	102	33	43	91	48
"ENSG00000174950"	1	27578183	27582457	"KNOWN"	"CD164L2"	0	0	0	0	0	0	0	0	1	0	2	0	0	0
"ENSG00000181773"	1	27591739	27594900	"KNOWN"	"GPR3"	1	0	3	1	0	1	0	0	3	1	3	1	0	0
"ENSG00000158195"	1	27604713	27689256	"KNOWN"	"WASF2_HUMAN"	213	47	212	69	52	186	44	47	223	59	179	208	63	159
"ENSG00000126705"	1	27733133	27803275	"KNOWN"	"AHDC1"	70	23	82	22	24	64	29	28	83	34	88	80	32	72
"ENSG00000000938"	1	27811390	27834314	"KNOWN"	"FGR"	14	42	18	34	39	7	37	34	27	45	20	15	39	19
"ENSG00000126709"	1	27865159	27871311	"KNOWN"	"IFI6"	67	45	67	53	57	65	35	51	88	60	73	70	59	71
"ENSG00000206767"	1	27874701	27874807	"NOVEL"	""	0	0	0	0	0	0	0	0	0	0	0	0	0	0
"ENSG00000207095"	1	27892832	27892933	"NOVEL"	""	0	1	0	0	0	0	1	0	0	0	0	0	0	0
"ENSG00000009780"	1	27925077	27961062	"KNOWN"	"FAM76A"	26	20	49	12	17	32	15	16	25	19	33	34	19	32
"ENSG00000209738"	1	27967326	27967469	"NOVEL"	""	0	0	0	0	0	0	1	0	0	1	0	0	0	0
"ENSG00000117758"	1	27972370	28023401	"KNOWN"	"STX12"	169	73	174	80	67	152	65	44	197	70	130	163	62	131
"ENSG00000202203"	1	28023636	28023741	"NOVEL"	""	0	0	0	0	0	0	0	0	0	0	0	0	0	0
"ENSG00000117751"	1	28029880	28050770	"KNOWN"	"PPP1R8"	77	41	99	39	57	63	35	38	76	47	71	88	31	59
"ENSG00000212212"	1	28033499	28033664	"KNOWN"	"SCARNA1"	0	0	0	0	0	0	0	0	0	0	0	0	0	0
"ENSG00000181089"	1	28049672	28049842	"KNOWN"	"Q9UHS2_HUMAN"	3	2	12	3	1	5	2	3	8	5	5	6	1	5
"ENSG00000130775"	1	28071642	28085783	"KNOWN"	"C1orf38"	4	9	4	4	15	3	3	9	5	9	7	2	6	3
"ENSG00000117748"	1	28090637	28113844	"KNOWN"	"RPA2"	38	11	42	11	8	35	8	9	32	17	26	46	12	36
"ENSG00000130768"	1	28134091	28158249	"KNOWN"	"SMPDL3B"	2	1	6	0	0	6	1	1	4	2	4	3	0	6
"ENSG00000158156"	1	28158560	28167191	"KNOWN"	"XKR8"	9	36	23	34	26	16	37	21	24	37	18	17	34	13
"ENSG00000158161"	1	28169445	28287702	"KNOWN"	"EYA3"	53	9	65	11	12	47	12	8	44	6	33	59	9	35
"ENSG00000212436"	1	28200741	28200992	"NOVEL"	""	0	0	0	1	1	0	1	1	0	1	0	0	0	0
"ENSG00000209759"	1	28230982	28231278	"NOVEL"	""	1	2	0	1	0	1	1	2	1	1	0	2	1	0
"ENSG00000189015"	1	28294840	28295295	"NOVEL"	""	11	3	7	9	6	9	6	1	13	3	4	8	6	13
"ENSG00000214812"	1	28319545	28320419	"NOVEL"	""	4	1	7	1	1	10	0	0	8	0	5	8	1	5
"ENSG00000209763"	1	28341835	28341939	"NOVEL"	""	0	0	0	0	0	0	0	0	0	0	0	0	0	0
"ENSG00000169403"	1	28348451	28392971	"KNOWN"	"PTAFR"	1	6	2	1	2	4	1	1	4	4	6	2	0	1
"ENSG00000215903"	1	28392629	28392892	"NOVEL"	""	0	0	0	0	0	0	0	0	0	0	0	0	0	0
"ENSG00000126698"	1	28399376	28432129	"KNOWN"	"DNAJC8"	128	63	118	65	73	104	67	51	134	67	95	149	46	112
"ENSG00000215902"	1	28399600	28399739	"NOVEL"	""	0	5	6	6	7	5	2	6	5	6	3	7	1	6
"ENSG00000186000"	1	28399816	28399962	"KNOWN"	"Q9P1E0_HUMAN"	16	8	14	4	7	5	7	9	10	2	9	13	3	8
"ENSG00000130770"	1	28435198	28437196	"KNOWN"	"ATPIF1"	229	100	264	94	94	265	82	82	290	104	232	294	78	232
"ENSG00000130766"	1	28458593	28481586	"KNOWN"	"SESN2"	86	79	78	98	87	77	63	71	100	80	69	91	90	87
"ENSG00000209766"	1	28511418	28511490	"NOVEL"	""	0	0	0	0	0	0	0	0	0	0	0	0	0	0
"ENSG00000130772"	1	28528136	28535062	"KNOWN"	"MED18"	16	44	27	49	38	20	48	31	20	40	12	20	36	18
"ENSG00000204138"	1	28568680	28699468	"KNOWN"	"PHACTR4"	278	227	278	236	271	275	235	212	326	260	261	344	250	256
"ENSG00000206779"	1	28621655	28621753	"NOVEL"	""	0	0	1	0	0	0	0	0	0	0	0	0	0	0
"ENSG00000180198"	1	28705083	28738194	"KNOWN"	"RCC1"	22	34	25	38	45	19	28	34	25	43	18	19	43	25
"ENSG00000201808"	1	28706465	28706670	"KNOWN"	"SNORA73A"	2	1	0	2	0	2	2	2	2	1	3	0	0	0
"ENSG00000200087"	1	28707658	28707861	"NOVEL"	""	2	1	0	0	1	2	1	3	3	0	2	2	0	0
"ENSG00000209791"	1	28716575	28716673	"NOVEL"	""	0	0	0	1	1	0	0	0	0	0	0	0	0	0
"ENSG00000215901"	1	28745256	28751297	"NOVEL"	""	0	0	0	0	0	0	0	0	0	0	0	0	0	0
"ENSG00000180098"	1	28752116	28777643	"KNOWN"	"TRSPAP1"	34	11	28	12	13	18	13	8	20	15	21	34	15	26
"ENSG00000197989"	1	28777638	28780953	"KNOWN"	"C1orf79"	10	18	15	19	16	19	9	9	22	12	16	20	12	10
"ENSG00000207311"	1	28778863	28778992	"KNOWN"	"SNORA61"	37	20	28	18	13	30	14	23	33	13	40	43	14	28
"ENSG00000207314"	1	28779480	28779611	"KNOWN"	"SNORA44"	1	0	0	0	0	1	1	0	1	0	1	0	0	1
"ENSG00000207070"	1	28780019	28780153	"KNOWN"	"SNORA16A"	0	0	1	0	1	1	2	0	0	1	0	3	0	0
"ENSG00000188060"	1	28791299	28793673	"KNOWN"	"RAB42"	0	0	0	1	0	0	0	1	0	1	1	0	0	0
"ENSG00000120656"	1	28802200	28842172	"KNOWN"	"TAF12"	39	28	41	35	26	24	20	25	42	30	29	38	31	40
"ENSG00000216051"	1	28847698	28847793	"KNOWN"	"hsa-mir-801"	48	30	56	32	31	79	24	25	70	34	59	60	28	46
"ENSG00000209804"	1	28847699	28847832	"NOVEL"	""	48	31	56	32	31	79	25	26	70	34	59	60	28	47
"ENSG00000162419"	1	28867831	28918452	"KNOWN"	"GMEB1"	16	13	18	13	9	18	7	5	15	7	18	23	5	20
"ENSG00000212177"	1	28888764	28888893	"NOVEL"	""	0	0	0	0	0	2	0	0	0	0	0	0	0	0
"ENSG00000198492"	1	28935723	28968874	"KNOWN"	"YTHDF2"	76	67	64	72	59	69	63	48	84	78	61	93	49	66
"ENSG00000116329"	1	29011241	29062795	"KNOWN"	"OPRD1"	0	0	0	0	0	0	0	0	0	0	0	0	0	0
"ENSG00000199756"	1	29080827	29080934	"NOVEL"	""	0	0	0	0	0	0	0	0	0	0	0	0	0	0
"ENSG00000159023"	1	29086215	29319545	"KNOWN"	"EPB41"	198	190	187	185	204	194	204	144	187	202	176	202	152	155
"ENSG00000206704"	1	29184814	29184907	"NOVEL"	""	0	0	0	0	0	0	0	0	0	1	0	0	0	0
"ENSG00000187975"	1	29318526	29323008	"KNOWN"	"NP_001003682.1"	54	80	48	94	87	56	86	50	47	79	51	45	67	49
"ENSG00000116350"	1	29346879	29380971	"KNOWN"	"SFRS4"	195	220	221	229	208	237	202	166	249	235	185	218	192	204
"ENSG00000116353"	1	29391972	29430041	"KNOWN"	"MECR"	50	21	48	17	16	32	12	21	39	16	42	34	19	36
"ENSG00000060656"	1	29435634	29525900	"KNOWN"	"PTPRU"	31	30	28	30	22	28	26	26	41	33	39	36	34	28
"ENSG00000162510"	1	30958583	30969474	"KNOWN"	"MATN1"	1	0	0	0	0	0	0	1	1	0	0	0	1	0
"ENSG00000186056"	1	30963926	30972178	"KNOWN"	"Q6ZRP8_HUMAN"	2	0	1	5	4	1	3	5	4	1	2	2	0	0
"ENSG00000162511"	1	30977903	31003254	"KNOWN"	"LAPTM5"	22	52	33	64	54	24	59	64	26	59	21	23	42	23
"ENSG00000162512"	1	31114901	31154067	"KNOWN"	"SDC3"	10	8	17	0	5	8	6	5	14	5	11	16	7	16
"ENSG00000134644"	1	31176940	31311350	"KNOWN"	"PUM1"	233	217	251	234	216	223	246	160	266	230	217	250	176	195
"ENSG00000200154"	1	31181120	31181210	"NOVEL"	""	0	0	0	0	0	0	0	0	0	0	0	0	0	0
"ENSG00000202107"	1	31194549	31194639	"NOVEL"	""	0	0	0	0	0	0	0	0	0	0	0	0	0	0
"ENSG00000200181"	1	31213599	31213667	"KNOWN"	"NR_003066.1"	3	0	0	0	0	1	0	0	1	0	0	0	0	0
"ENSG00000186195"	1	31234013	31234285	"KNOWN"	"Q9UI20_HUMAN"	0	1	3	0	1	5	3	1	4	3	3	6	1	1
"ENSG00000215900"	1	31340421	31340962	"NOVEL"	""	18	7	12	11	5	23	6	8	15	8	19	17	4	14
"ENSG00000084628"	1	31425179	31484986	"KNOWN"	"FAM77C"	0	0	0	0	1	1	0	0	1	0	0	0	0	0
"ENSG00000060688"	1	31505004	31542231	"KNOWN"	"WDR57"	38	28	42	20	22	28	15	16	30	28	18	40	24	25
"ENSG00000121766"	1	31542429	31610370	"KNOWN"	"ZCCHC17"	91	44	93	32	41	94	31	38	91	46	60	73	34	80
"ENSG00000121769"	1	31610687	31618510	"KNOWN"	"FABP3"	308	6	380	16	16	344	19	13	351	26	275	354	10	267
"ENSG00000168528"	1	31654999	31680111	"KNOWN"	"SERINC2"	178	118	182	109	102	156	109	152	206	142	198	192	152	216
"ENSG00000215899"	1	31733019	31733954	"NOVEL"	""	5	0	4	5	3	2	2	0	4	4	2	2	2	1
"ENSG00000206981"	1	31743006	31743112	"NOVEL"	""	0	0	0	0	0	0	0	1	0	0	0	0	0	0
"ENSG00000142910"	1	31814708	31825870	"KNOWN"	"TINAGL1"	273	37	267	41	25	217	24	45	314	37	305	270	36	286
"ENSG00000121764"	1	31857228	31870706	"KNOWN"	"HCRTR1"	0	0	0	0	0	0	0	0	1	0	0	0	0	0
"ENSG00000162517"	1	31868055	31883075	"KNOWN"	"PEF1"	126	71	106	91	72	116	88	72	134	89	125	127	69	109
"ENSG00000084636"	1	31890435	31942507	"KNOWN"	"COL16A1"	12	12	15	14	9	14	7	9	20	12	18	22	6	18
"ENSG00000121753"	1	31965305	32002528	"KNOWN"	"BAI2"	6	2	3	0	0	4	0	0	9	1	8	8	2	10
"ENSG00000134668"	1	32028610	32054210	"KNOWN"	"SPOCD1"	0	0	1	0	0	2	1	1	0	0	1	0	0	0
"ENSG00000184007"	1	32146380	32176575	"KNOWN"	"PTP4A2"	156	141	177	106	116	164	118	100	188	130	136	186	98	156
"ENSG00000212673"	1	32151761	32153332	"KNOWN"	"Q9UHT5_HUMAN"	0	6	1	5	6	5	5	2	1	4	3	2	1	1
"ENSG00000121774"	1	32252078	32282059	"KNOWN"	"KHDRBS1"	356	134	328	134	137	352	122	93	358	128	286	347	107	281
"ENSG00000121775"	1	32311090	32341049	"KNOWN"	"TMEM39B"	20	19	14	23	23	16	21	25	21	17	25	23	18	17
"ENSG00000209881"	1	32317267	32317536	"NOVEL"	""	1	0	0	0	0	0	0	0	0	0	1	0	0	0
"ENSG00000209890"	1	32317673	32317885	"NOVEL"	""	0	0	0	0	1	0	0	0	0	1	0	0	0	0
"ENSG00000025800"	1	32346231	32414756	"KNOWN"	"KPNA6"	329	289	330	254	262	302	282	261	347	282	316	368	237	272
"ENSG00000084652"	1	32417874	32436473	"KNOWN"	"TXLNA"	189	278	228	279	260	219	238	220	230	318	180	202	252	203
"ENSG00000160050"	1	32438789	32443578	"KNOWN"	"CCDC28B"	14	3	10	0	0	10	2	0	16	1	18	15	4	14
"ENSG00000160051"	1	32443835	32446859	"KNOWN"	"IQCC"	15	1	9	1	2	11	5	2	14	0	7	12	0	7
"ENSG00000160055"	1	32452666	32460536	"KNOWN"	"C1orf91"	26	10	24	8	8	22	12	8	16	7	30	32	8	28
"ENSG00000215898"	1	32457918	32458096	"NOVEL"	""	0	0	0	0	0	0	0	0	0	0	0	0	0	0
"ENSG00000084623"	1	32460558	32469792	"KNOWN"	"EIF3I"	165	86	159	101	84	176	81	91	180	87	149	187	92	140
"ENSG00000183615"	1	32485405	32487046	"KNOWN"	"C1orf90"	20	7	15	2	1	19	2	5	17	6	19	25	4	16
"ENSG00000182866"	1	32489427	32524353	"KNOWN"	"LCK"	1	7	2	9	3	2	11	8	4	5	2	3	7	1
"ENSG00000116478"	1	32530295	32571811	"KNOWN"	"HDAC1"	166	112	198	116	125	186	119	116	202	136	180	206	106	182
"ENSG00000175130"	1	32572031	32574435	"KNOWN"	"MARCKSL1"	97	77	82	74	65	101	61	75	110	78	97	111	78	93
"ENSG00000162526"	1	32600385	32602495	"KNOWN"	"TSSK3"	5	14	12	10	16	16	8	14	15	17	7	13	13	5
"ENSG00000160058"	1	32603294	32632621	"KNOWN"	"BSDC1"	157	209	167	220	196	151	195	219	167	239	138	184	191	155
"ENSG00000212353"	1	32696023	32696320	"NOVEL"	""	0	0	0	0	0	0	0	0	0	0	0	0	0	0
"ENSG00000215897"	1	32708813	32774716	"KNOWN"	"ZBTB8_HUMAN"	1	0	0	0	0	0	0	0	0	0	0	0	0	0
"ENSG00000160062"	1	32777359	32844129	"KNOWN"	"ZBTB8"	26	21	26	20	18	26	16	15	30	20	20	33	16	19
"ENSG00000176261"	1	32838441	32888772	"KNOWN"	"ZBTB8OS"	31	27	30	29	26	36	17	13	43	28	19	32	19	17
"ENSG00000200591"	1	32878139	32878238	"NOVEL"	""	1	0	0	0	3	1	0	0	0	0	0	2	1	0
"ENSG00000162521"	1	32889411	32918845	"KNOWN"	"RBBP4"	63	49	66	36	36	60	31	34	73	37	60	66	28	61
"ENSG00000209921"	1	32902347	32902437	"NOVEL"	""	0	0	0	0	0	0	0	0	0	0	0	0	0	0
"ENSG00000162520"	1	32918565	32933464	"KNOWN"	"SYNC1"	51	21	46	21	19	39	20	20	44	27	42	52	12	32
"ENSG00000162522"	1	32980099	33013158	"KNOWN"	"KIAA1522"	302	64	328	66	54	268	78	80	334	76	389	362	73	310
"ENSG00000134684"	1	33013428	33056341	"KNOWN"	"YARS"	121	146	125	134	127	102	120	96	140	162	115	133	119	115
"ENSG00000203311"	1	33032936	33033182	"NOVEL"	""	0	0	0	0	0	0	0	0	1	0	0	0	1	0
"ENSG00000116497"	1	33055630	33228800	"KNOWN"	"S100PBP"	23	14	25	7	10	21	13	8	11	11	18	19	6	13
"ENSG00000160097"	1	33100456	33108938	"KNOWN"	"FNDC5"	11	17	20	11	10	11	16	14	12	11	22	16	20	18
"ENSG00000121905"	1	33124685	33132833	"KNOWN"	"HPCA"	4	0	2	2	2	3	2	0	3	2	2	2	0	2
"ENSG00000121900"	1	33132781	33149272	"KNOWN"	"TMEM54"	20	6	20	7	6	12	10	10	28	7	28	24	8	24
"ENSG00000116514"	1	33174634	33202873	"KNOWN"	"RNF19B"	68	21	47	18	14	47	13	8	62	21	42	52	13	53
"ENSG00000004455"	1	33246173	33275079	"KNOWN"	"AK2"	52	20	65	16	24	54	19	17	83	23	54	68	23	67
"ENSG00000209931"	1	33267420	33267764	"NOVEL"	""	3	5	2	7	5	4	4	5	3	10	2	2	3	2
"ENSG00000142920"	1	33319301	33358709	"KNOWN"	"ADC"	6	1	2	1	3	3	0	0	10	2	10	6	1	4
"ENSG00000116525"	1	33383591	33420229	"KNOWN"	"TRIM62"	4	7	11	2	3	4	3	0	10	1	6	11	7	6
"ENSG00000212672"	1	33401039	33404486	"KNOWN"	"Q6ZV37_HUMAN"	5	0	6	5	2	3	4	3	1	4	5	7	5	2
"ENSG00000160094"	1	33508763	33538907	"KNOWN"	"ZNF362"	82	41	94	40	42	90	41	44	79	36	66	92	36	79
"ENSG00000184389"	1	33544954	33551077	"KNOWN"	"A3GALT2"	0	0	0	0	0	0	0	0	0	0	0	0	0	0
"ENSG00000134686"	1	33561811	33613781	"KNOWN"	"PHC2"	296	252	321	254	203	278	205	222	313	266	301	308	231	268
"ENSG00000121903"	1	33710833	33734582	"KNOWN"	"ZSCAN20"	9	0	9	1	2	11	4	3	14	1	10	12	2	8
"ENSG00000121904"	1	33752196	34404030	"KNOWN"	"CSMD2"	0	0	0	0	0	0	0	0	0	0	1	0	0	0
"ENSG00000176256"	1	34098663	34102978	"KNOWN"	"HMGB4"	0	0	0	0	0	0	0	0	0	0	0	0	0	0
"ENSG00000201148"	1	34351137	34351251	"NOVEL"	""	0	0	0	0	0	0	0	0	0	0	0	0	0	0
"ENSG00000142698"	1	34405071	34457319	"KNOWN"	"C1orf94"	0	0	0	0	0	0	0	0	0	0	0	0	0	0
"ENSG00000207941"	1	34907787	34907882	"KNOWN"	"hsa-mir-552"	0	0	0	0	0	0	0	0	0	0	0	0	0	0
"ENSG00000189280"	1	34993235	34996700	"KNOWN"	"GJB5"	0	1	0	1	2	0	1	0	0	0	0	0	0	1
"ENSG00000189433"	1	34997929	35001912	"KNOWN"	"GJB4"	0	1	0	1	1	0	0	0	0	0	0	0	2	0
"ENSG00000216162"	1	35016749	35016832	"NOVEL"	""	0	0	0	0	0	0	0	0	0	0	0	0	0	0
"ENSG00000188910"	1	35019377	35025436	"KNOWN"	"GJB3"	0	3	0	2	3	0	2	2	0	1	0	0	5	1
"ENSG00000187513"	1	35031186	35033931	"KNOWN"	"GJA4"	25	12	32	20	14	29	13	25	44	28	36	39	24	45
"ENSG00000163866"	1	35091719	35097934	"KNOWN"	"C1orf212"	96	140	95	146	144	92	128	134	88	156	95	102	129	100
"ENSG00000116544"	1	35103624	35167773	"KNOWN"	"DLGAP3"	2	0	1	0	0	0	1	0	4	1	1	3	0	4
"ENSG00000204105"	1	35213888	35216894	"KNOWN"	"Q7L0L9_HUMAN"	8	10	8	5	8	8	5	9	14	11	5	7	7	8
"ENSG00000163867"	1	35219765	35270156	"KNOWN"	"ZMYM6"	36	7	40	13	15	38	14	10	41	10	19	24	11	17
"ENSG00000197056"	1	35317559	35354047	"KNOWN"	"ZMYM1"	28	26	40	18	19	27	13	14	28	23	24	28	17	24
"ENSG00000116560"	1	35421790	35431322	"KNOWN"	"SFPQ"	390	227	427	200	199	367	193	139	442	212	339	456	164	284
"ENSG00000201868"	1	35434157	35434248	"NOVEL"	""	2	0	0	0	0	0	0	0	0	0	0	0	1	0
"ENSG00000146463"	1	35507155	35660131	"KNOWN"	"ZMYM4"	161	75	185	98	73	154	78	44	161	70	132	169	68	122
"ENSG00000209961"	1	35530384	35530686	"NOVEL"	""	0	1	0	1	0	0	0	0	0	0	0	0	0	0
"ENSG00000201542"	1	35548462	35548613	"NOVEL"	""	0	1	0	0	0	1	0	0	0	1	0	0	2	0
"ENSG00000202129"	1	35666005	35666081	"NOVEL"	""	1	0	0	0	0	0	0	1	1	0	1	0	0	0
"ENSG00000142687"	1	35671679	35795591	"KNOWN"	"KIAA0319L"	312	181	284	193	176	274	164	182	310	192	230	292	192	266
"ENSG00000020129"	1	35795661	35804963	"KNOWN"	"NCDN"	56	16	51	10	15	31	19	27	57	19	63	44	22	57
"ENSG00000126067"	1	35808000	35879730	"KNOWN"	"PSMB2"	77	50	71	44	48	66	44	48	59	45	72	74	39	56
"ENSG00000116819"	1	35811558	35833512	"KNOWN"	"TFAP2E"	0	5	4	0	4	2	1	2	2	1	2	1	2	2
"ENSG00000142686"	1	35952064	35957377	"KNOWN"	"C1orf216"	23	23	21	20	29	23	14	15	13	17	21	29	27	26
"ENSG00000092853"	1	35958406	36008155	"KNOWN"	"CLSPN"	5	0	5	0	3	5	0	1	7	0	5	7	2	4
"ENSG00000134698"	1	36046415	36095007	"KNOWN"	"EIF2C4"	62	60	78	64	52	71	66	65	90	79	54	87	60	63
"ENSG00000092847"	1	36107996	36162486	"KNOWN"	"EIF2C1"	64	40	68	44	46	70	42	34	72	45	62	77	40	48
"ENSG00000126070"	1	36168906	36294649	"KNOWN"	"EIF2C3"	21	26	24	27	22	18	25	22	30	20	20	32	16	22
"ENSG00000092850"	1	36322263	36326462	"KNOWN"	"TEKT2"	4	1	2	1	0	2	2	0	6	1	3	1	1	3
"ENSG00000116863"	1	36327063	36332119	"KNOWN"	"ADPRHL2"	40	24	34	29	28	30	26	31	48	33	40	42	45	47
"ENSG00000171812"	1	36333424	36363408	"KNOWN"	"COL8A2"	5	1	3	1	4	6	5	1	8	7	4	8	1	4
"ENSG00000054116"	1	36374762	36387685	"KNOWN"	"TRAPPC3"	84	32	88	40	34	77	32	28	70	42	63	82	36	68
"ENSG00000116871"	1	36394153	36419037	"KNOWN"	"MAP7D1"	112	40	106	29	27	78	24	35	118	26	109	110	40	122
"ENSG00000054118"	1	36462626	36542744	"KNOWN"	"THRAP3"	270	137	270	171	163	232	159	119	317	186	251	298	140	210
"ENSG00000215896"	1	36544785	36546358	"KNOWN"	"Q5VTK7_HUMAN"	4	0	7	0	0	15	0	1	6	2	10	9	0	9
"ENSG00000214193"	1	36545305	36563074	"KNOWN"	"C1orf113"	92	2	72	4	7	62	1	3	84	2	92	98	1	87
"ENSG00000142694"	1	36560219	36562342	"KNOWN"	"C1orf78"	46	3	50	5	6	26	7	7	36	9	50	57	4	48
"ENSG00000116883"	1	36561922	36567405	"KNOWN"	"Q6XCG6_HUMAN"	46	6	58	2	5	52	3	4	56	7	45	64	7	36
"ENSG00000196182"	1	36577812	36624084	"KNOWN"	"STK40"	139	156	146	142	141	174	145	136	172	134	167	178	124	167
"ENSG00000181817"	1	36631618	36636080	"KNOWN"	"LSM10"	49	27	46	23	33	47	27	37	57	31	50	66	38	57
"ENSG00000116885"	1	36656094	36688639	"KNOWN"	"C1orf102"	19	6	32	5	1	16	3	4	30	8	24	28	5	17
"ENSG00000201448"	1	36656638	36656766	"NOVEL"	""	0	0	0	0	0	0	0	0	0	0	0	1	0	0
"ENSG00000116898"	1	36693942	36702550	"KNOWN"	"MRPS15"	110	72	110	62	76	121	77	60	130	79	97	142	79	95
"ENSG00000119535"	1	36704231	36721466	"KNOWN"	"CSF3R"	16	17	16	16	19	19	22	21	23	23	21	17	29	22
"ENSG00000163873"	1	37039201	37272431	"KNOWN"	"GRIK3"	0	0	1	0	1	1	0	0	1	1	0	0	3	0
"ENSG00000207328"	1	37441798	37441904	"NOVEL"	""	0	0	0	0	0	0	0	0	0	0	0	0	0	0
"ENSG00000210044"	1	37502886	37502974	"NOVEL"	""	0	0	0	0	0	0	0	0	0	0	0	0	0	0
"ENSG00000163874"	1	37712740	37722563	"KNOWN"	"ZC3H12A"	32	10	36	16	10	42	10	10	33	14	34	42	14	40
"ENSG00000163875"	1	37724502	37752962	"KNOWN"	"C1orf149"	68	43	89	42	31	69	32	36	74	40	57	76	27	58
"ENSG00000188904"	1	37727905	37728116	"NOVEL"	""	0	0	1	0	0	0	0	0	0	0	0	0	0	0
"ENSG00000163877"	1	37774732	37792490	"KNOWN"	"SNIP1"	40	39	24	31	28	29	36	22	26	37	24	34	26	18
"ENSG00000163879"	1	37795107	37805044	"KNOWN"	"DNALI1"	70	20	77	22	17	68	20	8	69	14	70	72	13	61
"ENSG00000134697"	1	37805017	37834109	"KNOWN"	"GNL2"	55	52	62	54	57	74	48	50	70	57	50	68	54	49
"ENSG00000169218"	1	37849538	37873182	"KNOWN"	"RSPO1"	38	28	30	20	30	44	37	7	14	12	14	13	9	6
"ENSG00000116922"	1	37919837	37928779	"KNOWN"	"C1orf109"	21	11	24	9	10	28	11	6	31	12	25	39	7	28
"ENSG00000134690"	1	37930677	37947978	"KNOWN"	"CDCA8"	2	2	3	1	1	2	1	0	3	0	4	3	2	3
"ENSG00000183317"	1	37952148	38003411	"KNOWN"	"EPHA10"	0	0	0	1	0	0	0	0	0	1	0	0	0	0
"ENSG00000200421"	1	37976216	37976313	"NOVEL"	""	0	0	0	0	0	0	0	0	0	0	0	0	1	0
"ENSG00000210067"	1	37988461	37988559	"NOVEL"	""	0	0	0	0	0	0	0	0	0	0	0	0	0	0
"ENSG00000214141"	1	38014929	38017681	"NOVEL"	""	3	2	4	1	1	1	1	0	2	0	2	5	2	5
"ENSG00000204087"	1	38020878	38021144	"NOVEL"	""	0	0	0	0	0	0	0	0	0	0	0	0	0	0
"ENSG00000185090"	1	38032142	38045938	"KNOWN"	"MANEAL"	9	1	6	3	1	7	1	6	6	9	6	5	8	10
"ENSG00000196449"	1	38041201	38046452	"KNOWN"	"YRDC"	46	25	41	21	27	25	22	27	37	17	43	32	23	31
"ENSG00000197982"	1	38045238	38047713	"KNOWN"	"C1orf122"	94	110	72	83	85	75	80	104	102	98	116	101	106	108
"ENSG00000188786"	1	38047827	38097879	"KNOWN"	"MTF1"	79	47	104	50	48	89	43	32	73	51	83	91	39	75
"ENSG00000204084"	1	38098956	38185316	"KNOWN"	"INPP5B"	67	68	66	48	64	52	53	54	71	51	61	72	47	64
"ENSG00000199254"	1	38123282	38123388	"NOVEL"	""	0	1	0	0	1	0	0	1	0	0	0	0	0	0
"ENSG00000212619"	1	38191767	38192034	"NOVEL"	""	0	0	1	0	0	0	0	0	0	0	0	0	0	0
"ENSG00000183431"	1	38195786	38229180	"KNOWN"	"SF3A3"	80	44	80	37	30	71	33	38	89	44	54	93	23	76
"ENSG00000212541"	1	38229721	38229827	"NOVEL"	""	0	0	1	0	0	0	0	0	0	1	0	0	0	0
"ENSG00000183386"	1	38235025	38243830	"KNOWN"	"FHL3"	12	8	10	7	7	5	3	9	6	9	10	9	12	9
"ENSG00000183520"	1	38251001	38262081	"KNOWN"	"UTP11L"	26	19	33	14	23	34	15	19	35	18	20	40	13	23
"ENSG00000185668"	1	38282086	38285053	"KNOWN"	"POU3F1"	1	2	1	0	0	0	1	0	1	2	0	0	0	2
"ENSG00000200796"	1	38634918	38635024	"NOVEL"	""	0	0	0	0	0	0	0	0	0	0	0	0	0	0
"ENSG00000215895"	1	38947186	38949151	"NOVEL"	""	5	3	6	2	3	5	3	0	8	3	7	7	1	7
"ENSG00000116954"	1	39077608	39097927	"KNOWN"	"RRAGC"	54	16	53	22	12	59	15	16	63	22	47	65	14	41
"ENSG00000214114"	1	39101221	39111637	"KNOWN"	"MYCBP"	83	21	83	35	25	77	18	29	72	29	49	78	21	56
"ENSG00000131233"	1	39102778	39119856	"KNOWN"	"GJA10"	16	1	16	6	6	12	2	6	13	4	16	14	4	14
"ENSG00000215894"	1	39124065	39138479	"KNOWN"	"Q6ZWE0_HUMAN"	6	1	3	1	1	4	0	0	1	2	5	2	1	3
"ENSG00000158315"	1	39124066	39180043	"KNOWN"	"RHBDL2"	0	3	6	4	2	6	2	0	3	2	8	4	1	3
"ENSG00000199963"	1	39165129	39165236	"NOVEL"	""	0	0	0	0	0	0	0	0	0	0	0	0	0	0
"ENSG00000207466"	1	39189086	39189184	"NOVEL"	""	0	0	0	0	0	0	0	0	0	0	0	0	0	0
"ENSG00000174574"	1	39229504	39257279	"KNOWN"	"C1orf108"	146	47	165	66	68	136	72	44	162	71	106	157	54	129
"ENSG00000168653"	1	39264577	39272895	"KNOWN"	"NDUFS5"	236	78	221	81	91	210	70	77	231	82	211	252	85	191
"ENSG00000127603"	1	39322426	39725376	"KNOWN"	"MACF1"	1053	406	1105	444	400	1057	423	335	1114	411	915	1187	370	905
"ENSG00000206654"	1	39359199	39359302	"NOVEL"	""	1	0	0	0	0	2	0	0	0	0	0	1	0	0
"ENSG00000210142"	1	39392466	39392555	"NOVEL"	""	0	0	0	1	0	0	0	0	0	0	0	0	0	0
"ENSG00000183682"	1	39729905	39768128	"KNOWN"	"BMP8A"	52	13	45	7	13	35	9	9	58	10	39	54	10	37
"ENSG00000210147"	1	39742782	39742854	"NOVEL"	""	0	0	0	0	0	0	0	0	0	0	0	0	0	0
"ENSG00000182109"	1	39760545	39763944	"KNOWN"	"Q8N214_HUMAN"	13	5	6	13	7	11	6	8	13	11	8	9	10	11
"ENSG00000090621"	1	39799075	39815049	"KNOWN"	"PABPC4"	202	194	227	198	154	172	168	149	228	195	194	224	190	158
"ENSG00000201457"	1	39805633	39805767	"KNOWN"	"SNORA55"	3	0	2	1	0	4	1	0	2	0	1	2	0	2
"ENSG00000163909"	1	39861691	39877935	"KNOWN"	"HEYL"	32	23	45	18	25	30	21	23	36	20	32	41	24	46
"ENSG00000116981"	1	39897380	39910297	"KNOWN"	"NT5C1A"	1	1	1	1	0	3	0	1	1	0	6	1	0	1
"ENSG00000116983"	1	39917249	39929676	"KNOWN"	"HPCAL4"	28	0	51	2	0	38	3	1	47	0	33	37	1	31
"ENSG00000212671"	1	39956287	39956415	"NOVEL"	""	1	1	5	1	2	2	1	0	3	0	1	0	3	4
"ENSG00000200276"	1	39961825	39961874	"NOVEL"	""	0	0	0	0	0	0	0	0	0	0	0	0	0	0
"ENSG00000084072"	1	39977117	40002173	"KNOWN"	"PPIE"	39	13	50	20	16	39	12	17	29	12	32	38	15	44
"ENSG00000116985"	1	39996490	40027120	"KNOWN"	"BMP8B"	2	0	2	2	2	1	0	0	2	2	1	4	2	2
"ENSG00000198754"	1	40007782	40009607	"KNOWN"	"OXCT2"	0	0	0	0	0	0	0	0	0	0	0	0	0	0
"ENSG00000043514"	1	40079295	40121765	"KNOWN"	"TRIT1"	37	20	56	27	33	37	28	27	44	37	33	50	21	45
"ENSG00000202222"	1	40119827	40119937	"NOVEL"	""	0	0	1	0	0	0	0	0	0	0	0	0	0	0
"ENSG00000116990"	1	40133685	40140274	"KNOWN"	"MYCL1"	5	15	5	16	28	2	11	12	5	22	2	6	12	4
"ENSG00000207356"	1	40183151	40183257	"NOVEL"	""	0	0	0	0	0	0	0	0	0	0	0	0	0	0
"ENSG00000168389"	1	40193397	40208214	"KNOWN"	"MFSD2"	4	187	12	194	211	11	171	177	5	208	10	13	180	4
"ENSG00000131236"	1	40278492	40310908	"KNOWN"	"CAP1"	332	158	326	150	147	298	127	123	344	142	323	388	125	300
"ENSG00000131238"	1	40310972	40335555	"KNOWN"	"PPT1"	357	56	370	76	59	354	69	60	378	70	276	402	54	272
"ENSG00000117000"	1	40399648	40479178	"KNOWN"	"RLF"	53	49	50	40	63	68	62	39	48	51	43	53	41	36
"ENSG00000207508"	1	40416102	40416208	"NOVEL"	""	0	0	2	0	0	0	0	0	1	0	0	0	0	0
"ENSG00000200414"	1	40472003	40472111	"NOVEL"	""	0	2	0	0	0	0	0	0	0	0	0	0	1	0
"ENSG00000188800"	1	40486160	40489950	"KNOWN"	"TMCO2"	0	0	0	0	0	0	0	0	0	0	0	0	0	0
"ENSG00000084073"	1	40496320	40532443	"KNOWN"	"ZMPSTE24"	197	113	241	150	141	215	132	106	252	116	181	242	107	172
"ENSG00000049089"	1	40538750	40556075	"KNOWN"	"COL9A2"	27	4	39	4	5	45	0	5	44	5	46	42	1	43
"ENSG00000084070"	1	40612315	40661585	"KNOWN"	"SMAP1L"	68	164	78	123	160	64	148	158	71	160	66	84	126	62
"ENSG00000187801"	1	40688366	40701975	"KNOWN"	"ZNF643"	0	1	1	5	4	4	1	1	4	0	0	3	1	0
"ENSG00000187815"	1	40715474	40734602	"KNOWN"	"ZNF642"	14	4	8	11	6	8	15	3	18	12	11	11	8	10
"ENSG00000164002"	1	40747000	40754799	"KNOWN"	"C1orf176"	12	10	10	9	6	16	15	7	25	6	11	12	4	11
"ENSG00000117010"	1	40769820	40786423	"KNOWN"	"ZNF684"	3	7	7	3	2	1	0	2	6	2	4	4	3	4
"ENSG00000210232"	1	40845059	40845226	"NOVEL"	""	0	0	0	0	0	0	0	0	0	0	0	0	0	0
"ENSG00000117016"	1	40858939	40903915	"KNOWN"	"RIMS3"	13	2	8	3	4	10	4	4	6	3	6	12	5	10
"ENSG00000181295"	1	40929882	40930268	"KNOWN"	"Q8N9K3_HUMAN"	1	1	2	0	0	1	0	2	3	1	4	3	2	4
"ENSG00000066136"	1	40929952	41009864	"KNOWN"	"NFYC"	88	64	86	63	46	90	42	49	116	71	72	96	54	91
"ENSG00000198974"	1	40992614	40992705	"KNOWN"	"hsa-mir-30e"	0	0	0	0	0	0	0	0	0	0	0	0	0	0
"ENSG00000207962"	1	40995543	40995631	"KNOWN"	"hsa-mir-30c-1"	0	0	0	0	0	0	0	0	0	0	0	0	0	0
"ENSG00000117013"	1	41022271	41076947	"KNOWN"	"KCNQ4"	0	0	0	0	0	1	0	0	2	0	3	2	0	2
"ENSG00000202416"	1	41043102	41043398	"NOVEL"	""	1	0	0	0	0	0	1	0	0	0	0	0	0	0
"ENSG00000179862"	1	41099310	41100625	"KNOWN"	"CITED4"	19	41	19	46	52	14	61	77	29	72	24	21	75	23
"ENSG00000171793"	1	41217951	41250813	"KNOWN"	"CTPS"	38	116	30	108	95	29	110	79	36	110	30	28	78	36
"ENSG00000171790"	1	41253856	41261496	"KNOWN"	"SLFNL1"	2	15	4	3	7	2	9	9	1	11	0	0	12	3
"ENSG00000010803"	1	41265461	41480375	"KNOWN"	"SCMH1"	88	49	90	47	56	112	41	57	123	58	99	101	43	85
"ENSG00000215893"	1	41336897	41337392	"NOVEL"	""	0	0	0	0	0	0	0	1	0	2	0	0	1	0
"ENSG00000203293"	1	41404798	41405308	"NOVEL"	""	4	4	4	7	8	5	8	5	4	7	3	4	10	5
"ENSG00000213987"	1	41502880	41503121	"NOVEL"	""	0	0	0	0	2	0	0	0	0	0	0	0	0	0
"ENSG00000204060"	1	41600181	41621849	"NOVEL"	""	2	0	2	0	0	0	0	2	0	0	2	2	0	2
"ENSG00000210279"	1	41705195	41705285	"NOVEL"	""	0	0	0	0	0	0	0	0	0	0	0	0	0	0
"ENSG00000127129"	1	41717036	41722884	"KNOWN"	"EDN2"	2	0	3	0	1	1	0	0	5	1	6	5	1	9
"ENSG00000127124"	1	41744623	42156965	"KNOWN"	"HIVEP3"	6	5	7	8	12	11	8	5	15	7	13	17	9	10
"ENSG00000044012"	1	42391679	42394082	"KNOWN"	"GUCA2B"	0	3	0	2	0	0	2	0	0	3	0	0	2	0
"ENSG00000197273"	1	42400949	42402982	"KNOWN"	"GUCA2A"	0	1	0	0	0	0	0	2	0	0	1	0	1	0
"ENSG00000198815"	1	42414797	42574135	"KNOWN"	"FOXJ3"	139	111	125	112	82	148	107	70	122	116	121	160	78	102
"ENSG00000210281"	1	42551886	42552058	"NOVEL"	""	0	0	0	0	0	2	0	0	0	0	0	1	0	0
"ENSG00000177181"	1	42619064	42653417	"KNOWN"	"FAM80A"	6	0	3	0	0	4	0	0	10	0	3	4	0	5
"ENSG00000066185"	1	42668675	42694525	"KNOWN"	"ZMYND12"	23	9	22	7	15	21	16	12	15	10	17	30	13	27
"ENSG00000127125"	1	42694375	42698707	"KNOWN"	"PPCS"	151	78	171	78	86	165	81	60	153	76	137	182	50	126
"ENSG00000186409"	1	42701612	42892444	"KNOWN"	"NP_001074319.1"	53	3	61	3	3	52	5	2	47	9	45	58	5	50
"ENSG00000200254"	1	42807291	42807397	"NOVEL"	""	0	0	0	0	0	0	0	0	0	0	0	0	0	0
"ENSG00000171960"	1	42896635	42915015	"KNOWN"	"PPIH"	19	8	9	5	1	10	4	2	13	4	10	13	5	10
"ENSG00000065978"	1	42920659	42940660	"KNOWN"	"YBX1"	113	42	124	43	40	103	40	37	120	39	103	126	37	95
"ENSG00000164007"	1	42971351	42978512	"KNOWN"	"CLDN19"	67	0	71	0	0	50	2	0	84	0	64	67	0	56
"ENSG00000117385"	1	42984633	43005313	"KNOWN"	"LEPRE1"	19	27	24	23	20	28	25	34	32	28	30	26	24	23
"ENSG00000210306"	1	42988051	42988230	"NOVEL"	""	3	0	3	0	0	1	0	0	1	1	3	4	0	1
"ENSG00000164008"	1	43005527	43013997	"KNOWN"	"C1orf50"	27	15	26	20	18	26	10	20	23	16	28	33	16	30
"ENSG00000177868"	1	43045310	43055510	"KNOWN"	"CCDC23"	31	25	24	19	16	28	13	9	22	22	17	21	11	16
"ENSG00000164010"	1	43055363	43083247	"KNOWN"	"ERMAP"	54	71	66	56	74	45	59	48	59	74	49	60	55	52
"ENSG00000164011"	1	43084867	43090735	"KNOWN"	"ZNF691"	44	46	32	56	42	28	48	52	37	54	28	26	55	29
"ENSG00000117394"	1	43164115	43197117	"KNOWN"	"SLC2A1"	117	13	95	13	11	113	10	10	101	14	112	128	14	103
"ENSG00000207256"	1	43229696	43229802	"NOVEL"	""	0	1	0	0	0	0	0	0	0	0	0	0	0	0
"ENSG00000186973"	1	43386204	43394571	"NOVEL"	""	0	0	0	0	0	1	0	0	1	0	0	0	0	1
"ENSG00000117395"	1	43402440	43410518	"KNOWN"	"EBNA1BP2"	106	117	112	138	119	102	130	100	117	121	96	109	116	103
"ENSG00000164012"	1	43410613	43449136	"KNOWN"	"WDR65"	8	43	13	42	41	10	51	32	8	54	8	17	35	14
"ENSG00000199240"	1	43434675	43434794	"NOVEL"	""	0	2	0	0	2	0	0	0	0	1	1	1	1	0
"ENSG00000204057"	1	43465366	43492616	"NOVEL"	""	2	0	0	0	2	1	0	0	0	0	0	2	0	2
"ENSG00000176591"	1	43479774	43480322	"KNOWN"	"Q8N8V3_HUMAN"	1	0	0	3	2	0	1	0	1	1	1	3	3	0
"ENSG00000179178"	1	43508994	43512259	"KNOWN"	"TMEM125"	25	2	28	4	1	18	1	3	34	2	30	28	0	34
"ENSG00000184157"	1	43520149	43523826	"KNOWN"	"C1orf210"	42	2	41	0	3	35	2	1	55	4	37	46	2	52
"ENSG00000066056"	1	43539251	43561366	"KNOWN"	"TIE1"	64	18	53	13	12	53	22	14	62	32	50	64	19	65
"ENSG00000117400"	1	43576062	43592722	"KNOWN"	"MPL"	0	0	3	0	0	1	0	0	0	0	1	0	0	0
"ENSG00000117399"	1	43597213	43601461	"KNOWN"	"CDC20"	1	0	0	1	0	3	0	0	2	0	3	1	1	1
"ENSG00000066322"	1	43601428	43606263	"KNOWN"	"ELOVL1"	134	42	115	59	56	135	52	61	127	82	136	145	58	123
"ENSG00000159479"	1	43622175	43628070	"KNOWN"	"MED8"	47	56	61	58	48	56	52	45	63	74	65	51	38	57
"ENSG00000198198"	1	43628143	43690908	"KNOWN"	"KIAA0467"	53	30	47	42	45	53	39	43	78	55	49	66	52	63
"ENSG00000178922"	1	43689412	43692505	"KNOWN"	"HYI"	46	49	61	47	61	45	41	64	71	51	42	58	56	58
"ENSG00000142949"	1	43769134	43861930	"KNOWN"	"PTPRF"	332	732	320	772	716	312	711	674	350	808	320	354	758	356
"ENSG00000066135"	1	43888384	43943775	"KNOWN"	"JMJD2A"	102	107	123	93	93	130	86	91	120	93	126	119	83	101
"ENSG00000126091"	1	43945805	44169417	"KNOWN"	"ST3GAL3"	29	34	23	27	21	27	19	22	19	23	24	23	28	29
"ENSG00000210352"	1	43954725	43954809	"NOVEL"	""	0	0	1	0	0	1	0	0	0	0	1	0	0	1
"ENSG00000117407"	1	44171579	44175471	"KNOWN"	"ARTN"	3	0	5	1	0	3	2	0	4	0	2	3	0	0
"ENSG00000117408"	1	44185198	44206280	"KNOWN"	"IPO13"	103	31	100	20	24	77	32	30	112	40	111	106	30	91
"ENSG00000132768"	1	44208240	44211630	"KNOWN"	"DPH2"	30	26	44	30	22	40	18	18	40	37	37	36	38	32
"ENSG00000117410"	1	44213189	44216558	"KNOWN"	"ATP6V0B"	234	67	274	66	75	254	88	68	254	90	312	313	74	280
"ENSG00000117411"	1	44217453	44229427	"KNOWN"	"B4GALT2"	42	39	42	40	28	36	34	33	29	30	44	40	52	45
"ENSG00000159214"	1	44229867	44234783	"KNOWN"	"CCDC24"	36	2	37	5	4	30	9	6	39	9	34	32	6	46
"ENSG00000196517"	1	44234742	44269721	"KNOWN"	"SLC6A9"	11	3	16	1	5	11	2	2	10	3	14	13	1	14
"ENSG00000210358"	1	44355357	44355650	"NOVEL"	""	0	0	0	0	0	0	0	0	0	1	0	0	0	0
"ENSG00000171872"	1	44357109	44373376	"KNOWN"	"KLF17"	0	0	0	1	1	0	0	0	0	1	0	1	0	0
"ENSG00000200171"	1	44391646	44391739	"NOVEL"	""	0	0	0	0	0	0	0	0	0	0	0	0	0	0
"ENSG00000178028"	1	44444576	44458938	"KNOWN"	"DMAP1"	52	25	39	24	22	45	23	28	51	28	45	54	32	52
"ENSG00000117419"	1	44459330	44593526	"KNOWN"	"PRNPIP"	92	34	90	26	33	90	30	30	116	44	96	100	34	95
"ENSG00000199385"	1	44628981	44629082	"NOVEL"	""	0	0	0	0	0	0	0	0	0	0	0	0	0	0
"ENSG00000187147"	1	44643453	44889983	"KNOWN"	"C1orf164"	145	70	138	70	73	116	75	58	140	57	123	173	80	151
"ENSG00000126106"	1	44874646	44912702	"KNOWN"	"TMEM53"	11	11	21	13	9	21	7	9	13	8	10	29	12	25
"ENSG00000213879"	1	44886839	44887356	"NOVEL"	""	2	0	0	0	1	1	1	1	4	1	0	0	1	2
"ENSG00000198520"	1	44912981	44963848	"KNOWN"	"Q6PIY5_HUMAN"	6	27	11	33	27	9	42	20	10	32	5	6	37	6
"ENSG00000199377"	1	44960045	44960161	"KNOWN"	"NR_002753.3"	0	0	0	1	0	0	0	0	0	0	0	0	0	0
"ENSG00000200169"	1	44969314	44969429	"KNOWN"	"NR_002755.2"	0	0	0	0	0	0	0	0	0	0	0	0	0	0
"ENSG00000142945"	1	44978138	45006026	"KNOWN"	"KIF2C"	8	0	4	2	3	4	2	1	4	1	5	3	1	4
"ENSG00000210407"	1	45010902	45010975	"NOVEL"	""	0	0	0	0	0	0	0	0	0	0	0	0	0	0
"ENSG00000142937"	1	45013826	45017038	"KNOWN"	"RPS8"	385	285	388	299	280	435	307	268	464	344	410	443	301	392
"ENSG00000207429"	1	45014123	45014202	"KNOWN"	"SNORD55"	46	22	46	33	32	26	20	39	38	33	52	41	45	48
"ENSG00000200913"	1	45014749	45014852	"KNOWN"	"SNORD46"	3	0	4	1	0	0	0	0	2	1	5	2	0	2
"ENSG00000202031"	1	45016102	45016171	"KNOWN"	"SNORD38A"	1	2	1	3	1	0	0	0	1	0	1	2	3	1
"ENSG00000207421"	1	45016649	45016717	"KNOWN"	"SNORD38B"	3	1	1	0	0	2	0	0	2	0	1	3	0	0
"ENSG00000173863"	1	45018585	45018974	"NOVEL"	""	3	3	2	4	2	0	3	0	1	2	0	1	0	2
"ENSG00000142959"	1	45021844	45026013	"KNOWN"	"BEST4"	0	0	2	0	0	0	1	2	0	0	3	2	0	0
"ENSG00000173846"	1	45038723	45049479	"KNOWN"	"PLK3"	24	14	31	14	13	16	15	16	25	7	16	21	9	20
"ENSG00000188396"	1	45044172	45045544	"KNOWN"	"NP_001013654.1"	2	4	0	1	2	0	2	2	0	1	0	0	1	1
"ENSG00000202444"	1	45058142	45058256	"NOVEL"	""	1	0	0	1	0	0	0	0	0	0	0	1	0	0
"ENSG00000117425"	1	45058663	45081195	"KNOWN"	"PTCH2"	2	1	1	1	0	2	1	0	2	0	2	2	1	2
"ENSG00000070785"	1	45089037	45224869	"KNOWN"	"EIF2B3"	36	10	30	24	14	41	18	16	42	18	30	48	18	34
"ENSG00000210472"	1	45170582	45170685	"NOVEL"	""	0	0	0	0	0	0	0	0	0	0	0	0	0	0
"ENSG00000126107"	1	45240797	45249516	"KNOWN"	"HECTD3"	88	138	90	106	116	90	112	116	92	110	105	104	110	78
"ENSG00000126088"	1	45250417	45253928	"KNOWN"	"UROD"	113	102	117	109	107	92	67	95	114	121	96	103	101	117
"ENSG00000162415"	1	45254665	45444815	"KNOWN"	"ZSWIM5"	19	3	36	3	2	19	2	5	27	5	39	35	5	22
"ENSG00000204034"	1	45542169	45543877	"KNOWN"	"Q9BRQ9_HUMAN"	7	6	1	7	4	4	7	8	0	4	8	1	3	3
"ENSG00000186603"	1	45565132	45566934	"KNOWN"	"HPDL"	0	0	0	2	2	0	1	1	0	1	0	1	0	2
"ENSG00000132781"	1	45567501	45578729	"KNOWN"	"MUTYH"	26	18	20	16	12	27	17	16	20	14	22	32	9	28
"ENSG00000132773"	1	45577929	45581961	"KNOWN"	"TOE1"	14	17	7	14	13	14	9	7	14	11	8	17	5	15
"ENSG00000070759"	1	45582142	45729427	"KNOWN"	"TESK2"	5	21	7	22	29	4	21	26	11	25	8	8	14	5
"ENSG00000210479"	1	45596913	45597006	"NOVEL"	""	0	0	0	0	0	0	0	0	0	0	0	0	0	0
"ENSG00000132763"	1	45738312	46267006	"KNOWN"	"MMACHC"	22	60	27	70	46	25	47	46	26	46	31	27	47	23
"ENSG00000117450"	1	45749295	45760196	"KNOWN"	"PRDX1"	677	448	676	485	450	620	428	373	638	461	604	678	421	536
"ENSG00000117448"	1	45789085	45808307	"KNOWN"	"AKR1A1"	399	316	446	294	330	448	292	284	501	352	400	513	305	396
"ENSG00000132780"	1	45822304	45857145	"KNOWN"	"NASP"	112	85	110	75	88	110	84	90	99	115	90	106	70	87
"ENSG00000159588"	1	45858304	45862260	"KNOWN"	"CCDC17"	3	13	4	13	10	6	13	12	3	11	6	7	12	5
"ENSG00000159592"	1	45865563	45924795	"KNOWN"	"GPBP1L1"	266	298	286	262	304	266	270	195	290	312	238	330	221	241
"ENSG00000159596"	1	45925473	45932697	"KNOWN"	"TMEM69"	43	19	37	21	18	38	13	12	37	14	36	43	15	39
"ENSG00000197429"	1	45932583	45988909	"KNOWN"	"IPP"	56	25	50	18	22	52	16	22	46	25	35	50	17	46
"ENSG00000215891"	1	45938938	45943778	"NOVEL"	""	0	0	0	0	0	0	0	0	0	0	0	0	0	0
"ENSG00000086015"	1	46041872	46274383	"KNOWN"	"MAST2"	57	41	64	34	33	54	29	31	50	49	70	71	39	51
"ENSG00000117461"	1	46278399	46371053	"KNOWN"	"PIK3R3"	123	19	137	31	33	142	29	25	138	22	101	142	25	108
"ENSG00000117472"	1	46413346	46424217	"KNOWN"	"TSPAN1"	572	14	614	17	15	603	13	15	624	16	556	688	17	526
"ENSG00000085998"	1	46426941	46458564	"KNOWN"	"POMGNT1"	150	98	171	102	100	156	92	95	172	98	188	165	84	162
"ENSG00000171357"	1	46441593	46537834	"KNOWN"	"C1orf190"	36	4	32	4	3	40	5	7	45	5	40	36	6	30
"ENSG00000085999"	1	46486004	46516732	"KNOWN"	"RAD54L"	8	6	10	6	3	8	9	7	10	6	2	8	5	5
"ENSG00000132128"	1	46516660	46541625	"KNOWN"	"LRRC41"	87	52	80	66	67	92	59	61	99	77	100	81	64	101
"ENSG00000173660"	1	46541914	46555035	"KNOWN"	"UQCRH"	253	53	288	79	68	255	54	42	266	52	221	309	48	203
"ENSG00000117481"	1	46578977	46603275	"KNOWN"	"NSUN4"	85	72	66	61	61	71	52	38	74	59	57	75	47	64
"ENSG00000215890"	1	46580095	46600451	"KNOWN"	"Q6ZRQ1_HUMAN"	34	24	27	21	22	31	19	12	34	18	19	37	20	29
"ENSG00000210483"	1	46597104	46597178	"NOVEL"	""	0	0	1	0	0	0	0	0	0	0	0	0	0	1
"ENSG00000117480"	1	46632579	46652096	"KNOWN"	"FAAH"	40	36	38	42	38	36	32	47	45	41	42	47	45	40
"ENSG00000213777"	1	46634119	46634336	"NOVEL"	""	0	0	0	0	0	0	0	0	0	0	0	0	0	0
"ENSG00000197587"	1	46745255	46752471	"KNOWN"	"DMBX1"	1	0	0	0	0	0	0	0	0	0	0	1	0	0
"ENSG00000216144"	1	46778603	46778693	"NOVEL"	""	0	0	0	0	0	0	0	0	0	0	0	0	0	0
"ENSG00000162456"	1	46783903	46789786	"KNOWN"	"KNCN"	0	0	0	0	0	0	0	0	0	0	0	0	0	0
"ENSG00000079277"	1	46795677	46842497	"KNOWN"	"MKNK1"	48	72	73	64	53	49	56	63	77	69	49	55	62	57
"ENSG00000142961"	1	46845979	46855093	"KNOWN"	"MOBKL2C"	54	24	57	30	29	46	31	29	55	16	42	56	27	40
"ENSG00000123472"	1	46871000	46906686	"KNOWN"	"ATPAF1"	364	166	408	147	183	387	169	131	406	162	278	438	148	328
"ENSG00000186118"	1	46910087	46911836	"KNOWN"	"Q6PEX7_HUMAN"	0	0	0	0	0	0	0	0	0	0	0	1	0	0
"ENSG00000159658"	1	46913420	46957323	"KNOWN"	"KIAA0494"	525	204	541	211	195	548	194	134	605	179	454	595	154	421
"ENSG00000142973"	1	47037329	47057672	"KNOWN"	"CYP4B1"	5	1	3	1	3	11	1	0	10	0	15	15	5	6
"ENSG00000154198"	1	47096493	47138734	"KNOWN"	"NR_002788.1"	1	0	0	0	0	1	0	0	0	0	0	1	0	2
"ENSG00000187048"	1	47167493	47180004	"KNOWN"	"CYP4A11"	200	540	188	488	447	176	463	439	227	528	194	222	483	206
"ENSG00000186377"	1	47261827	47289009	"KNOWN"	"CYP4X1"	20	8	18	7	14	18	8	7	16	11	16	21	6	22
"ENSG00000186160"	1	47305634	47356577	"KNOWN"	"CYP4Z1"	0	1	3	0	0	1	4	2	1	1	2	1	2	2
"ENSG00000162365"	1	47375433	47387940	"KNOWN"	"CYP4A22"	67	203	86	200	198	54	167	149	71	229	68	82	183	72
"ENSG00000162366"	1	47421848	47429303	"KNOWN"	"PDZK1IP1"	730	4	782	8	7	720	7	9	832	6	768	866	6	777
"ENSG00000162367"	1	47454550	47469974	"KNOWN"	"TAL1"	30	3	31	8	4	29	6	5	26	8	34	24	7	29
"ENSG00000123473"	1	47488398	47552406	"KNOWN"	"STIL"	4	3	12	6	3	2	5	2	7	4	5	9	4	3
"ENSG00000162368"	1	47572068	47617097	"KNOWN"	"CMPK"	148	296	158	270	290	142	276	174	160	296	110	154	210	108
"ENSG00000186790"	1	47654331	47656310	"KNOWN"	"FOXE3"	1	0	1	1	0	0	0	0	0	0	0	0	0	3
"ENSG00000186564"	1	47674276	47678519	"KNOWN"	"FOXD2"	14	4	16	3	5	19	4	3	15	5	22	17	9	20
"ENSG00000180029"	1	47999566	47999877	"KNOWN"	"Q8NF14_HUMAN"	7	2	9	4	2	7	0	2	9	3	6	7	1	3
"ENSG00000204018"	1	48016709	48039881	"KNOWN"	"LOC388630"	14	1	6	1	1	6	2	0	16	3	8	16	0	19
"ENSG00000204015"	1	48327585	48327797	"NOVEL"	""	0	0	0	1	0	0	0	0	0	0	0	0	0	0
"ENSG00000198709"	1	48341893	48342465	"KNOWN"	"Q9UI23_HUMAN"	0	0	0	0	0	0	0	0	0	0	1	0	0	2
"ENSG00000215889"	1	48402879	48405666	"NOVEL"	""	2	0	1	0	0	1	0	0	0	0	1	0	0	0
"ENSG00000117834"	1	48460991	48486903	"KNOWN"	"SLC5A9"	22	27	32	31	28	35	29	24	33	29	28	34	30	24
"ENSG00000179793"	1	48500536	48500784	"KNOWN"	"Q9BXZ3_HUMAN"	0	0	0	0	0	0	0	0	0	0	0	0	0	0
"ENSG00000215888"	1	48514455	48515561	"NOVEL"	""	1	0	0	0	0	0	0	0	0	0	0	0	0	0
"ENSG00000132122"	1	48536096	48710432	"KNOWN"	"SPATA6"	15	2	20	3	3	15	0	2	19	8	14	14	1	16
"ENSG00000206700"	1	48582468	48582574	"NOVEL"	""	0	0	0	0	0	0	0	0	0	0	0	0	0	0
"ENSG00000198801"	1	48674226	48675482	"NOVEL"	""	21	6	16	12	9	21	9	11	12	6	5	23	9	15
"ENSG00000186094"	1	48771114	50262172	"KNOWN"	"AGBL4"	1	0	2	0	0	1	0	1	2	0	2	0	0	4
"ENSG00000162373"	1	48966131	49015177	"KNOWN"	"C1orf165"	25	1	27	0	0	18	0	0	26	1	24	20	0	25
"ENSG00000215887"	1	50080391	50084659	"NOVEL"	""	0	0	0	0	0	1	0	0	0	0	0	0	0	0
"ENSG00000198784"	1	50232577	50234461	"KNOWN"	"Q9P184_HUMAN"	0	2	0	1	1	0	1	1	0	1	0	0	0	0
"ENSG00000162374"	1	50342169	50442045	"KNOWN"	"ELAVL4"	1	2	0	0	2	2	1	3	0	2	0	0	0	0
"ENSG00000198928"	1	50564529	50565269	"NOVEL"	""	2	0	1	0	1	0	0	0	0	1	1	4	1	0
"ENSG00000142700"	1	50656695	50659630	"KNOWN"	"DMRTA2"	0	0	0	0	0	0	0	0	0	0	0	0	0	0
"ENSG00000185104"	1	50679523	51198524	"KNOWN"	"FAF1"	103	53	89	50	39	61	49	26	92	47	73	103	57	62
"ENSG00000202140"	1	50738018	50738117	"NOVEL"	""	0	0	3	0	0	0	0	0	0	0	0	0	0	0
"ENSG00000207194"	1	50820664	50820771	"NOVEL"	""	0	0	0	0	0	0	0	0	0	0	0	0	0	0
"ENSG00000210528"	1	50988556	50988613	"NOVEL"	""	0	0	0	0	0	0	0	0	0	0	0	0	0	0
"ENSG00000123080"	1	51199005	51212893	"KNOWN"	"CDKN2C"	17	6	13	5	5	12	1	4	8	5	11	11	5	11
"ENSG00000204006"	1	51340494	51386340	"KNOWN"	"C1orf185"	0	0	0	0	0	0	0	0	0	0	0	0	0	0
"ENSG00000200262"	1	51345482	51345589	"NOVEL"	""	0	0	0	0	0	0	0	0	0	0	0	0	0	0
"ENSG00000203280"	1	51433986	51434425	"NOVEL"	""	0	0	0	0	0	0	0	0	1	1	0	0	0	0
"ENSG00000215886"	1	51445381	51451083	"NOVEL"	""	0	0	0	0	0	0	0	0	0	0	0	0	0	0
"ENSG00000210557"	1	51469515	51469616	"NOVEL"	""	0	0	0	0	0	0	0	0	0	0	0	0	0	0
"ENSG00000123091"	1	51474559	51511798	"KNOWN"	"RNF11"	335	199	336	195	199	330	175	132	331	197	262	330	138	239
"ENSG00000085831"	1	51525518	51583282	"KNOWN"	"C1orf34"	19	1	11	2	0	22	2	1	18	0	18	16	1	14
"ENSG00000085832"	1	51592523	51757583	"KNOWN"	"EPS15"	202	92	218	95	98	229	108	89	230	97	155	231	80	153
"ENSG00000206595"	1	51620568	51620674	"NOVEL"	""	0	3	0	2	1	1	1	0	0	4	0	0	0	1
"ENSG00000210578"	1	51776889	51776989	"NOVEL"	""	0	0	0	0	1	0	0	0	0	0	0	0	0	0
"ENSG00000117859"	1	51815439	52026729	"KNOWN"	"OSBPL9"	310	144	307	157	183	308	152	116	351	147	226	335	133	219
"ENSG00000212624"	1	51963035	51963156	"NOVEL"	""	0	0	0	0	0	0	0	0	0	0	0	0	0	0
"ENSG00000078618"	1	52027472	52117010	"KNOWN"	"NRD1"	359	293	308	315	260	306	300	232	355	336	269	369	267	264
"ENSG00000212076"	1	52074595	52074670	"NOVEL"	""	0	1	1	1	0	0	0	1	0	0	0	1	0	1
"ENSG00000212174"	1	52103893	52103967	"NOVEL"	""	0	0	0	1	0	0	0	0	0	1	0	0	0	0
"ENSG00000169213"	1	52157425	52228936	"KNOWN"	"RAB3B"	5	0	12	0	0	11	1	0	18	1	8	10	0	11
"ENSG00000200839"	1	52211670	52211795	"NOVEL"	""	0	1	0	1	0	2	1	1	1	2	0	0	0	0
"ENSG00000201819"	1	52233995	52234297	"NOVEL"	""	0	0	0	0	0	0	0	0	0	0	0	0	0	0
"ENSG00000117862"	1	52258394	52294431	"KNOWN"	"TXNDC12"	104	88	98	79	80	103	74	60	99	81	96	91	62	84
"ENSG00000198841"	1	52270363	52272076	"KNOWN"	"KTI12"	4	12	10	14	12	7	11	12	12	12	9	7	13	9
"ENSG00000203998"	1	52289180	52290776	"KNOWN"	"Q5T1T5_HUMAN"	0	1	0	0	0	0	0	0	0	0	0	0	0	0
"ENSG00000134717"	1	52294385	52328976	"KNOWN"	"BTF3L4"	35	16	29	8	18	36	12	9	36	17	31	35	12	21
"ENSG00000157077"	1	52380634	52584946	"KNOWN"	"ZFYVE9"	159	38	139	37	41	108	36	16	156	47	113	157	26	112
"ENSG00000210622"	1	52388364	52388679	"NOVEL"	""	0	0	0	0	0	0	0	0	0	0	0	0	0	0
"ENSG00000213735"	1	52491881	52492442	"NOVEL"	""	4	1	3	1	1	1	1	0	5	0	1	2	1	2
"ENSG00000154222"	1	52588855	52604452	"KNOWN"	"CC2D1B"	72	46	76	43	36	62	32	32	86	44	89	86	45	88
"ENSG00000085840"	1	52611090	52642719	"KNOWN"	"ORC1L"	4	2	2	1	0	1	0	0	2	0	3	2	0	3
"ENSG00000134748"	1	52642824	52656438	"KNOWN"	"PRPF38A"	75	59	77	44	51	76	39	48	93	57	70	77	25	73
"ENSG00000134744"	1	52661538	52791331	"KNOWN"	"ZCCHC11"	68	34	71	32	48	50	28	23	56	35	41	72	28	44
"ENSG00000116157"	1	52840632	52847310	"KNOWN"	"GPX7"	8	2	16	3	4	18	2	1	14	2	9	12	1	8
"ENSG00000182183"	1	52871604	52907381	"KNOWN"	"NP_001036158.1"	0	1	0	0	0	0	0	0	0	1	0	0	0	0
"ENSG00000162377"	1	52925102	52936626	"KNOWN"	"C1orf163"	30	21	35	20	20	31	18	19	35	19	39	45	23	34
